#1_usercol 2_usercol 3_usercol 7.5
Pdest_CA_v0.1-1 0 20000 0.5437
Pdest_CA_v0.1-1 10000 30000 0.5194
Pdest_CA_v0.1-1 20000 40000 0.515
Pdest_CA_v0.1-1 30000 50000 0.51205
Pdest_CA_v0.1-1 40000 60000 0.50725
Pdest_CA_v0.1-1 50000 70000 0.5032
Pdest_CA_v0.1-1 60000 80000 0.5168
Pdest_CA_v0.1-1 70000 90000 0.529
Pdest_CA_v0.1-1 80000 100000 0.5193
Pdest_CA_v0.1-1 90000 110000 0.51465
Pdest_CA_v0.1-1 100000 120000 0.52905
Pdest_CA_v0.1-1 110000 130000 0.5278
Pdest_CA_v0.1-1 120000 140000 0.5206
Pdest_CA_v0.1-1 130000 150000 0.5187
Pdest_CA_v0.1-1 140000 160000 0.50275
Pdest_CA_v0.1-1 150000 170000 0.50045
Pdest_CA_v0.1-1 160000 180000 0.51265
Pdest_CA_v0.1-1 170000 190000 0.52935
Pdest_CA_v0.1-1 180000 200000 0.53335
Pdest_CA_v0.1-1 190000 210000 0.5324
Pdest_CA_v0.1-1 200000 220000 0.5314
Pdest_CA_v0.1-1 210000 230000 0.5243
Pdest_CA_v0.1-1 220000 240000 0.5294
Pdest_CA_v0.1-1 230000 250000 0.5225
Pdest_CA_v0.1-1 240000 260000 0.5138
Pdest_CA_v0.1-1 250000 270000 0.52985
Pdest_CA_v0.1-1 260000 280000 0.5221
Pdest_CA_v0.1-1 270000 290000 0.506
Pdest_CA_v0.1-1 280000 300000 0.5095
Pdest_CA_v0.1-1 290000 310000 0.51675
Pdest_CA_v0.1-1 300000 320000 0.51565
Pdest_CA_v0.1-1 310000 330000 0.512
Pdest_CA_v0.1-1 320000 340000 0.5052
Pdest_CA_v0.1-1 330000 347891 0.507574
Pdest_CA_v0.1-2 0 20000 0.497898
Pdest_CA_v0.1-2 10000 30000 0.4937
Pdest_CA_v0.1-2 20000 40000 0.5122
Pdest_CA_v0.1-2 30000 50000 0.53045
Pdest_CA_v0.1-2 40000 60000 0.5201
Pdest_CA_v0.1-2 50000 70000 0.50765
Pdest_CA_v0.1-2 60000 80000 0.51035
Pdest_CA_v0.1-2 70000 90000 0.5074
Pdest_CA_v0.1-2 80000 100000 0.50235
Pdest_CA_v0.1-2 90000 110000 0.5074
Pdest_CA_v0.1-2 100000 120000 0.5137
Pdest_CA_v0.1-2 110000 130000 0.52755
Pdest_CA_v0.1-2 120000 140000 0.52235
Pdest_CA_v0.1-2 130000 150000 0.5124
Pdest_CA_v0.1-2 140000 160000 0.49695
Pdest_CA_v0.1-2 150000 170000 0.48845
Pdest_CA_v0.1-2 160000 180000 0.5082
Pdest_CA_v0.1-2 170000 190000 0.504905
Pdest_CA_v0.1-2 180000 200000 0.491542
Pdest_CA_v0.1-2 190000 210000 0.5023
Pdest_CA_v0.1-2 200000 220000 0.50805
Pdest_CA_v0.1-2 210000 230000 0.5045
Pdest_CA_v0.1-2 220000 240000 0.51475
Pdest_CA_v0.1-2 230000 250000 0.517
Pdest_CA_v0.1-2 240000 260000 0.52485
Pdest_CA_v0.1-2 250000 270000 0.5351
Pdest_CA_v0.1-2 260000 280000 0.52975
Pdest_CA_v0.1-2 270000 290000 0.51185
Pdest_CA_v0.1-2 280000 300000 0.49965
Pdest_CA_v0.1-2 290000 310000 0.51485
Pdest_CA_v0.1-2 300000 320000 0.5218
Pdest_CA_v0.1-2 310000 325622 0.501536
Pdest_CA_v0.1-3 0 20000 0.50165
Pdest_CA_v0.1-3 10000 30000 0.517618
Pdest_CA_v0.1-3 20000 40000 0.517618
Pdest_CA_v0.1-3 30000 50000 0.5111
Pdest_CA_v0.1-3 40000 60000 0.5075
Pdest_CA_v0.1-3 50000 70000 0.51575
Pdest_CA_v0.1-3 60000 80000 0.514
Pdest_CA_v0.1-3 70000 90000 0.50555
Pdest_CA_v0.1-3 80000 100000 0.51265
Pdest_CA_v0.1-3 90000 110000 0.5151
Pdest_CA_v0.1-3 100000 120000 0.49945
Pdest_CA_v0.1-3 110000 130000 0.503
Pdest_CA_v0.1-3 120000 140000 0.51
Pdest_CA_v0.1-3 130000 150000 0.51495
Pdest_CA_v0.1-3 140000 160000 0.5189
Pdest_CA_v0.1-3 150000 170000 0.51765
Pdest_CA_v0.1-3 160000 180000 0.50955
Pdest_CA_v0.1-3 170000 190000 0.5108
Pdest_CA_v0.1-3 180000 200000 0.5242
Pdest_CA_v0.1-3 190000 210000 0.5046
Pdest_CA_v0.1-3 200000 220000 0.51075
Pdest_CA_v0.1-3 210000 230000 0.526
Pdest_CA_v0.1-3 220000 240000 0.5249
Pdest_CA_v0.1-3 230000 250000 0.5152
Pdest_CA_v0.1-3 240000 260000 0.5084
Pdest_CA_v0.1-3 250000 270000 0.50425
Pdest_CA_v0.1-3 260000 280000 0.50275
Pdest_CA_v0.1-3 270000 290000 0.5253
Pdest_CA_v0.1-3 280000 300000 0.52745
Pdest_CA_v0.1-3 290000 300341 0.519679
Pdest_CA_v0.1-4 0 20000 0.52275
Pdest_CA_v0.1-4 10000 30000 0.54115
Pdest_CA_v0.1-4 20000 40000 0.54135
Pdest_CA_v0.1-4 30000 50000 0.5234
Pdest_CA_v0.1-4 40000 60000 0.52565
Pdest_CA_v0.1-4 50000 70000 0.5077
Pdest_CA_v0.1-4 60000 80000 0.49765
Pdest_CA_v0.1-4 70000 90000 0.5134
Pdest_CA_v0.1-4 80000 100000 0.51785
Pdest_CA_v0.1-4 90000 110000 0.5094
Pdest_CA_v0.1-4 100000 120000 0.51055
Pdest_CA_v0.1-4 110000 130000 0.5082
Pdest_CA_v0.1-4 120000 140000 0.5049
Pdest_CA_v0.1-4 130000 150000 0.50085
Pdest_CA_v0.1-4 140000 160000 0.5007
Pdest_CA_v0.1-4 150000 170000 0.5061
Pdest_CA_v0.1-4 160000 180000 0.50615
Pdest_CA_v0.1-4 170000 190000 0.494144
Pdest_CA_v0.1-4 180000 200000 0.503353
Pdest_CA_v0.1-4 190000 210000 0.52415
Pdest_CA_v0.1-4 200000 220000 0.5113
Pdest_CA_v0.1-4 210000 230000 0.50055
Pdest_CA_v0.1-4 220000 240000 0.5021
Pdest_CA_v0.1-4 230000 250000 0.50705
Pdest_CA_v0.1-4 240000 260000 0.50435
Pdest_CA_v0.1-4 250000 270000 0.49975
Pdest_CA_v0.1-4 260000 280000 0.50995
Pdest_CA_v0.1-4 270000 290000 0.51625
Pdest_CA_v0.1-4 280000 298309 0.51319
Pdest_CA_v0.1-5 0 20000 0.507407
Pdest_CA_v0.1-5 10000 30000 0.5127
Pdest_CA_v0.1-5 20000 40000 0.52055
Pdest_CA_v0.1-5 30000 50000 0.52275
Pdest_CA_v0.1-5 40000 60000 0.52265
Pdest_CA_v0.1-5 50000 70000 0.5218
Pdest_CA_v0.1-5 60000 80000 0.51855
Pdest_CA_v0.1-5 70000 90000 0.51615
Pdest_CA_v0.1-5 80000 100000 0.5146
Pdest_CA_v0.1-5 90000 110000 0.51885
Pdest_CA_v0.1-5 100000 120000 0.5211
Pdest_CA_v0.1-5 110000 130000 0.52005
Pdest_CA_v0.1-5 120000 140000 0.5192
Pdest_CA_v0.1-5 130000 150000 0.5254
Pdest_CA_v0.1-5 140000 160000 0.52395
Pdest_CA_v0.1-5 150000 170000 0.52425
Pdest_CA_v0.1-5 160000 180000 0.53765
Pdest_CA_v0.1-5 170000 190000 0.5075
Pdest_CA_v0.1-5 180000 200000 0.5005
Pdest_CA_v0.1-5 190000 210000 0.51245
Pdest_CA_v0.1-5 200000 220000 0.5084
Pdest_CA_v0.1-5 210000 230000 0.5038
Pdest_CA_v0.1-5 220000 240000 0.5068
Pdest_CA_v0.1-5 230000 250000 0.5145
Pdest_CA_v0.1-5 240000 260000 0.506
Pdest_CA_v0.1-5 250000 270000 0.4974
Pdest_CA_v0.1-5 260000 280000 0.48735
Pdest_CA_v0.1-5 270000 288370 0.503756
Pdest_CA_v0.1-6 0 20000 0.520771
Pdest_CA_v0.1-6 10000 30000 0.529479
Pdest_CA_v0.1-6 20000 40000 0.51495
Pdest_CA_v0.1-6 30000 50000 0.49845
Pdest_CA_v0.1-6 40000 60000 0.50845
Pdest_CA_v0.1-6 50000 70000 0.51745
Pdest_CA_v0.1-6 60000 80000 0.5175
Pdest_CA_v0.1-6 70000 90000 0.5171
Pdest_CA_v0.1-6 80000 100000 0.51165
Pdest_CA_v0.1-6 90000 110000 0.5154
Pdest_CA_v0.1-6 100000 120000 0.50495
Pdest_CA_v0.1-6 110000 130000 0.5075
Pdest_CA_v0.1-6 120000 140000 0.498749
Pdest_CA_v0.1-6 130000 150000 0.504555
Pdest_CA_v0.1-6 140000 160000 0.53955
Pdest_CA_v0.1-6 150000 170000 0.52755
Pdest_CA_v0.1-6 160000 180000 0.49295
Pdest_CA_v0.1-6 170000 190000 0.49095
Pdest_CA_v0.1-6 180000 200000 0.5094
Pdest_CA_v0.1-6 190000 210000 0.5099
Pdest_CA_v0.1-6 200000 220000 0.49725
Pdest_CA_v0.1-6 210000 230000 0.49495
Pdest_CA_v0.1-6 220000 240000 0.5055
Pdest_CA_v0.1-6 230000 247875 0.515972
Pdest_CA_v0.1-7 0 20000 0.53165
Pdest_CA_v0.1-7 10000 30000 0.51025
Pdest_CA_v0.1-7 20000 40000 0.50705
Pdest_CA_v0.1-7 30000 50000 0.5247
Pdest_CA_v0.1-7 40000 60000 0.518
Pdest_CA_v0.1-7 50000 70000 0.5171
Pdest_CA_v0.1-7 60000 80000 0.53455
Pdest_CA_v0.1-7 70000 90000 0.5389
Pdest_CA_v0.1-7 80000 100000 0.5244
Pdest_CA_v0.1-7 90000 110000 0.50945
Pdest_CA_v0.1-7 100000 120000 0.5135
Pdest_CA_v0.1-7 110000 130000 0.52255
Pdest_CA_v0.1-7 120000 140000 0.51785
Pdest_CA_v0.1-7 130000 150000 0.51805
Pdest_CA_v0.1-7 140000 160000 0.5213
Pdest_CA_v0.1-7 150000 170000 0.5166
Pdest_CA_v0.1-7 160000 180000 0.5184
Pdest_CA_v0.1-7 170000 190000 0.5255
Pdest_CA_v0.1-7 180000 200000 0.5179
Pdest_CA_v0.1-7 190000 210000 0.51125
Pdest_CA_v0.1-7 200000 220000 0.50635
Pdest_CA_v0.1-7 210000 230000 0.50355
Pdest_CA_v0.1-7 220000 240000 0.50975
Pdest_CA_v0.1-7 230000 242754 0.511212
Pdest_CA_v0.1-8 0 20000 0.52565
Pdest_CA_v0.1-8 10000 30000 0.52625
Pdest_CA_v0.1-8 20000 40000 0.51835
Pdest_CA_v0.1-8 30000 50000 0.52425
Pdest_CA_v0.1-8 40000 60000 0.51825
Pdest_CA_v0.1-8 50000 70000 0.51075
Pdest_CA_v0.1-8 60000 80000 0.50765
Pdest_CA_v0.1-8 70000 90000 0.50725
Pdest_CA_v0.1-8 80000 100000 0.51385
Pdest_CA_v0.1-8 90000 110000 0.51965
Pdest_CA_v0.1-8 100000 120000 0.5248
Pdest_CA_v0.1-8 110000 130000 0.52055
Pdest_CA_v0.1-8 120000 140000 0.50435
Pdest_CA_v0.1-8 130000 150000 0.4871
Pdest_CA_v0.1-8 140000 160000 0.50615
Pdest_CA_v0.1-8 150000 170000 0.53165
Pdest_CA_v0.1-8 160000 180000 0.52275
Pdest_CA_v0.1-8 170000 190000 0.52145
Pdest_CA_v0.1-8 180000 200000 0.51715
Pdest_CA_v0.1-8 190000 210000 0.4942
Pdest_CA_v0.1-8 200000 213852 0.495452
Pdest_CA_v0.1-9 0 20000 0.53165
Pdest_CA_v0.1-9 10000 30000 0.5381
Pdest_CA_v0.1-9 20000 40000 0.5308
Pdest_CA_v0.1-9 30000 50000 0.5218
Pdest_CA_v0.1-9 40000 60000 0.51995
Pdest_CA_v0.1-9 50000 70000 0.52965
Pdest_CA_v0.1-9 60000 80000 0.5347
Pdest_CA_v0.1-9 70000 90000 0.52805
Pdest_CA_v0.1-9 80000 100000 0.53195
Pdest_CA_v0.1-9 90000 110000 0.5253
Pdest_CA_v0.1-9 100000 120000 0.52455
Pdest_CA_v0.1-9 110000 130000 0.51905
Pdest_CA_v0.1-9 120000 140000 0.51615
Pdest_CA_v0.1-9 130000 150000 0.5248
Pdest_CA_v0.1-9 140000 160000 0.52005
Pdest_CA_v0.1-9 150000 170000 0.51855
Pdest_CA_v0.1-9 160000 180000 0.52945
Pdest_CA_v0.1-9 170000 190000 0.5233
Pdest_CA_v0.1-9 180000 200000 0.5141
Pdest_CA_v0.1-9 190000 210000 0.51345
Pdest_CA_v0.1-9 200000 210196 0.508729
Pdest_CA_v0.1-10 0 20000 0.52595
Pdest_CA_v0.1-10 10000 30000 0.50975
Pdest_CA_v0.1-10 20000 40000 0.498749
Pdest_CA_v0.1-10 30000 50000 0.49975
Pdest_CA_v0.1-10 40000 60000 0.4884
Pdest_CA_v0.1-10 50000 70000 0.4848
Pdest_CA_v0.1-10 60000 80000 0.5042
Pdest_CA_v0.1-10 70000 90000 0.50585
Pdest_CA_v0.1-10 80000 100000 0.5107
Pdest_CA_v0.1-10 90000 110000 0.52045
Pdest_CA_v0.1-10 100000 120000 0.5128
Pdest_CA_v0.1-10 110000 130000 0.50935
Pdest_CA_v0.1-10 120000 140000 0.5073
Pdest_CA_v0.1-10 130000 150000 0.50505
Pdest_CA_v0.1-10 140000 160000 0.5079
Pdest_CA_v0.1-10 150000 170000 0.526
Pdest_CA_v0.1-10 160000 180000 0.537538
Pdest_CA_v0.1-10 170000 190000 0.543894
Pdest_CA_v0.1-10 180000 200000 0.55325
Pdest_CA_v0.1-10 190000 209227 0.531908
Pdest_CA_v0.1-11 0 20000 0.5231
Pdest_CA_v0.1-11 10000 30000 0.5309
Pdest_CA_v0.1-11 20000 40000 0.53265
Pdest_CA_v0.1-11 30000 50000 0.5312
Pdest_CA_v0.1-11 40000 60000 0.52615
Pdest_CA_v0.1-11 50000 70000 0.5117
Pdest_CA_v0.1-11 60000 80000 0.5067
Pdest_CA_v0.1-11 70000 90000 0.50835
Pdest_CA_v0.1-11 80000 100000 0.5107
Pdest_CA_v0.1-11 90000 110000 0.5199
Pdest_CA_v0.1-11 100000 120000 0.509519
Pdest_CA_v0.1-11 110000 130000 0.496042
Pdest_CA_v0.1-11 120000 140000 0.5163
Pdest_CA_v0.1-11 130000 150000 0.54175
Pdest_CA_v0.1-11 140000 160000 0.526
Pdest_CA_v0.1-11 150000 170000 0.50915
Pdest_CA_v0.1-11 160000 180000 0.50715
Pdest_CA_v0.1-11 170000 190000 0.5065
Pdest_CA_v0.1-11 180000 200000 0.5082
Pdest_CA_v0.1-11 190000 203285 0.499511
Pdest_CA_v0.1-12 0 20000 0.49975
Pdest_CA_v0.1-12 10000 30000 0.492593
Pdest_CA_v0.1-12 20000 40000 0.506657
Pdest_CA_v0.1-12 30000 50000 0.517267
Pdest_CA_v0.1-12 40000 60000 0.516466
Pdest_CA_v0.1-12 50000 70000 0.5034
Pdest_CA_v0.1-12 60000 80000 0.49335
Pdest_CA_v0.1-12 70000 90000 0.50325
Pdest_CA_v0.1-12 80000 100000 0.5267
Pdest_CA_v0.1-12 90000 110000 0.53125
Pdest_CA_v0.1-12 100000 120000 0.5202
Pdest_CA_v0.1-12 110000 130000 0.50765
Pdest_CA_v0.1-12 120000 140000 0.51005
Pdest_CA_v0.1-12 130000 150000 0.52235
Pdest_CA_v0.1-12 140000 160000 0.5215
Pdest_CA_v0.1-12 150000 170000 0.5002
Pdest_CA_v0.1-12 160000 180000 0.49675
Pdest_CA_v0.1-12 170000 190000 0.50525
Pdest_CA_v0.1-12 180000 192178 0.503531
Pdest_CA_v0.1-13 0 20000 0.5131
Pdest_CA_v0.1-13 10000 30000 0.520921
Pdest_CA_v0.1-13 20000 40000 0.521421
Pdest_CA_v0.1-13 30000 50000 0.525
Pdest_CA_v0.1-13 40000 60000 0.52825
Pdest_CA_v0.1-13 50000 70000 0.5312
Pdest_CA_v0.1-13 60000 80000 0.527177
Pdest_CA_v0.1-13 70000 90000 0.509009
Pdest_CA_v0.1-13 80000 100000 0.5079
Pdest_CA_v0.1-13 90000 110000 0.52005
Pdest_CA_v0.1-13 100000 120000 0.518
Pdest_CA_v0.1-13 110000 130000 0.53145
Pdest_CA_v0.1-13 120000 140000 0.5352
Pdest_CA_v0.1-13 130000 150000 0.52155
Pdest_CA_v0.1-13 140000 160000 0.5156
Pdest_CA_v0.1-13 150000 168626 0.514619
Pdest_CA_v0.1-14 0 20000 0.5431
Pdest_CA_v0.1-14 10000 30000 0.53
Pdest_CA_v0.1-14 20000 40000 0.51515
Pdest_CA_v0.1-14 30000 50000 0.51195
Pdest_CA_v0.1-14 40000 60000 0.50835
Pdest_CA_v0.1-14 50000 70000 0.4998
Pdest_CA_v0.1-14 60000 80000 0.499249
Pdest_CA_v0.1-14 70000 90000 0.513714
Pdest_CA_v0.1-14 80000 100000 0.51795
Pdest_CA_v0.1-14 90000 110000 0.52105
Pdest_CA_v0.1-14 100000 120000 0.51335
Pdest_CA_v0.1-14 110000 130000 0.50805
Pdest_CA_v0.1-14 120000 140000 0.52185
Pdest_CA_v0.1-14 130000 150000 0.51935
Pdest_CA_v0.1-14 140000 160000 0.5096
Pdest_CA_v0.1-14 150000 167602 0.507215
Pdest_CA_v0.1-15 0 20000 0.5148
Pdest_CA_v0.1-15 10000 30000 0.4934
Pdest_CA_v0.1-15 20000 40000 0.4958
Pdest_CA_v0.1-15 30000 50000 0.510761
Pdest_CA_v0.1-15 40000 60000 0.507257
Pdest_CA_v0.1-15 50000 70000 0.5027
Pdest_CA_v0.1-15 60000 80000 0.5078
Pdest_CA_v0.1-15 70000 90000 0.51775
Pdest_CA_v0.1-15 80000 100000 0.5316
Pdest_CA_v0.1-15 90000 110000 0.5254
Pdest_CA_v0.1-15 100000 120000 0.5079
Pdest_CA_v0.1-15 110000 130000 0.50725
Pdest_CA_v0.1-15 120000 140000 0.51905
Pdest_CA_v0.1-15 130000 150000 0.5326
Pdest_CA_v0.1-15 140000 160000 0.518
Pdest_CA_v0.1-15 150000 160460 0.490535
Pdest_CA_v0.1-16 0 20000 0.53275
Pdest_CA_v0.1-16 10000 30000 0.53165
Pdest_CA_v0.1-16 20000 40000 0.53875
Pdest_CA_v0.1-16 30000 50000 0.5468
Pdest_CA_v0.1-16 40000 60000 0.5408
Pdest_CA_v0.1-16 50000 70000 0.52485
Pdest_CA_v0.1-16 60000 80000 0.5203
Pdest_CA_v0.1-16 70000 90000 0.5246
Pdest_CA_v0.1-16 80000 100000 0.5137
Pdest_CA_v0.1-16 90000 110000 0.51485
Pdest_CA_v0.1-16 100000 120000 0.5177
Pdest_CA_v0.1-16 110000 130000 0.51035
Pdest_CA_v0.1-16 120000 140000 0.51165
Pdest_CA_v0.1-16 130000 150000 0.50905
Pdest_CA_v0.1-16 140000 158006 0.507386
Pdest_CA_v0.1-17 0 20000 0.523647
Pdest_CA_v0.1-17 10000 30000 0.52805
Pdest_CA_v0.1-17 20000 40000 0.51955
Pdest_CA_v0.1-17 30000 50000 0.51375
Pdest_CA_v0.1-17 40000 60000 0.512
Pdest_CA_v0.1-17 50000 70000 0.51035
Pdest_CA_v0.1-17 60000 80000 0.5158
Pdest_CA_v0.1-17 70000 90000 0.53016
Pdest_CA_v0.1-17 80000 100000 0.534168
Pdest_CA_v0.1-17 90000 110000 0.5159
Pdest_CA_v0.1-17 100000 120000 0.4942
Pdest_CA_v0.1-17 110000 130000 0.49485
Pdest_CA_v0.1-17 120000 140000 0.493
Pdest_CA_v0.1-17 130000 150000 0.51155
Pdest_CA_v0.1-17 140000 152009 0.53718
Pdest_CA_v0.1-18 0 20000 0.51515
Pdest_CA_v0.1-18 10000 30000 0.4972
Pdest_CA_v0.1-18 20000 40000 0.494645
Pdest_CA_v0.1-18 30000 50000 0.525726
Pdest_CA_v0.1-18 40000 60000 0.54025
Pdest_CA_v0.1-18 50000 70000 0.5398
Pdest_CA_v0.1-18 60000 80000 0.52635
Pdest_CA_v0.1-18 70000 90000 0.5137
Pdest_CA_v0.1-18 80000 100000 0.50685
Pdest_CA_v0.1-18 90000 110000 0.51065
Pdest_CA_v0.1-18 100000 120000 0.51735
Pdest_CA_v0.1-18 110000 130000 0.5073
Pdest_CA_v0.1-18 120000 136310 0.493378
Pdest_CA_v0.1-19 0 20000 0.5227
Pdest_CA_v0.1-19 10000 30000 0.5324
Pdest_CA_v0.1-19 20000 40000 0.5308
Pdest_CA_v0.1-19 30000 50000 0.526043
Pdest_CA_v0.1-19 40000 60000 0.552482
Pdest_CA_v0.1-19 50000 70000 0.545108
Pdest_CA_v0.1-19 60000 80000 0.535085
Pdest_CA_v0.1-19 70000 90000 0.547247
Pdest_CA_v0.1-19 80000 100000 0.5377
Pdest_CA_v0.1-19 90000 110000 0.52895
Pdest_CA_v0.1-19 100000 120000 0.5356
Pdest_CA_v0.1-19 110000 130000 0.51915
Pdest_CA_v0.1-19 120000 134948 0.50582
Pdest_CA_v0.1-20 0 20000 0.5093
Pdest_CA_v0.1-20 10000 30000 0.5071
Pdest_CA_v0.1-20 20000 40000 0.51355
Pdest_CA_v0.1-20 30000 50000 0.52695
Pdest_CA_v0.1-20 40000 60000 0.53755
Pdest_CA_v0.1-20 50000 70000 0.52435
Pdest_CA_v0.1-20 60000 80000 0.5065
Pdest_CA_v0.1-20 70000 90000 0.50925
Pdest_CA_v0.1-20 80000 100000 0.52725
Pdest_CA_v0.1-20 90000 110000 0.51265
Pdest_CA_v0.1-20 100000 120000 0.50305
Pdest_CA_v0.1-20 110000 130000 0.52195
Pdest_CA_v0.1-20 120000 134498 0.529659
Pdest_CA_v0.1-21 0 20000 0.538839
Pdest_CA_v0.1-21 10000 30000 0.53435
Pdest_CA_v0.1-21 20000 40000 0.52825
Pdest_CA_v0.1-21 30000 50000 0.51965
Pdest_CA_v0.1-21 40000 60000 0.5292
Pdest_CA_v0.1-21 50000 70000 0.52525
Pdest_CA_v0.1-21 60000 80000 0.52635
Pdest_CA_v0.1-21 70000 90000 0.5276
Pdest_CA_v0.1-21 80000 100000 0.51475
Pdest_CA_v0.1-21 90000 110000 0.514
Pdest_CA_v0.1-21 100000 120000 0.5282
Pdest_CA_v0.1-21 110000 130000 0.5286
Pdest_CA_v0.1-21 120000 133488 0.524244
Pdest_CA_v0.1-22 0 20000 0.5131
Pdest_CA_v0.1-22 10000 30000 0.51225
Pdest_CA_v0.1-22 20000 40000 0.5056
Pdest_CA_v0.1-22 30000 50000 0.5121
Pdest_CA_v0.1-22 40000 60000 0.52705
Pdest_CA_v0.1-22 50000 70000 0.5214
Pdest_CA_v0.1-22 60000 80000 0.529
Pdest_CA_v0.1-22 70000 90000 0.52445
Pdest_CA_v0.1-22 80000 100000 0.5165
Pdest_CA_v0.1-22 90000 110000 0.52505
Pdest_CA_v0.1-22 100000 120000 0.516667
Pdest_CA_v0.1-22 110000 130000 0.5001
Pdest_CA_v0.1-22 120000 133224 0.486766
Pdest_CA_v0.1-23 0 20000 0.518468
Pdest_CA_v0.1-23 10000 30000 0.516567
Pdest_CA_v0.1-23 20000 40000 0.52385
Pdest_CA_v0.1-23 30000 50000 0.51775
Pdest_CA_v0.1-23 40000 60000 0.5271
Pdest_CA_v0.1-23 50000 70000 0.53145
Pdest_CA_v0.1-23 60000 80000 0.5249
Pdest_CA_v0.1-23 70000 90000 0.5242
Pdest_CA_v0.1-23 80000 100000 0.5248
Pdest_CA_v0.1-23 90000 110000 0.5147
Pdest_CA_v0.1-23 100000 120000 0.51985
Pdest_CA_v0.1-23 110000 125284 0.5352
Pdest_CA_v0.1-24 0 20000 0.51915
Pdest_CA_v0.1-24 10000 30000 0.5166
Pdest_CA_v0.1-24 20000 40000 0.50555
Pdest_CA_v0.1-24 30000 50000 0.51375
Pdest_CA_v0.1-24 40000 60000 0.5169
Pdest_CA_v0.1-24 50000 70000 0.50845
Pdest_CA_v0.1-24 60000 80000 0.51825
Pdest_CA_v0.1-24 70000 90000 0.5194
Pdest_CA_v0.1-24 80000 100000 0.5224
Pdest_CA_v0.1-24 90000 110000 0.5294
Pdest_CA_v0.1-24 100000 119601 0.531197
Pdest_CA_v0.1-25 0 20000 0.51345
Pdest_CA_v0.1-25 10000 30000 0.5156
Pdest_CA_v0.1-25 20000 40000 0.5196
Pdest_CA_v0.1-25 30000 50000 0.5138
Pdest_CA_v0.1-25 40000 60000 0.5208
Pdest_CA_v0.1-25 50000 70000 0.52395
Pdest_CA_v0.1-25 60000 80000 0.5186
Pdest_CA_v0.1-25 70000 90000 0.5118
Pdest_CA_v0.1-25 80000 100000 0.5139
Pdest_CA_v0.1-25 90000 110000 0.52175
Pdest_CA_v0.1-25 100000 117945 0.518752
Pdest_CA_v0.1-26 0 20000 0.51605
Pdest_CA_v0.1-26 10000 30000 0.51285
Pdest_CA_v0.1-26 20000 40000 0.51235
Pdest_CA_v0.1-26 30000 50000 0.526527
Pdest_CA_v0.1-26 40000 60000 0.535421
Pdest_CA_v0.1-26 50000 70000 0.526954
Pdest_CA_v0.1-26 60000 80000 0.531882
Pdest_CA_v0.1-26 70000 90000 0.5322
Pdest_CA_v0.1-26 80000 100000 0.52595
Pdest_CA_v0.1-26 90000 110000 0.52595
Pdest_CA_v0.1-26 100000 117080 0.528454
Pdest_CA_v0.1-27 0 20000 0.51825
Pdest_CA_v0.1-27 10000 30000 0.52605
Pdest_CA_v0.1-27 20000 40000 0.533634
Pdest_CA_v0.1-27 30000 50000 0.534719
Pdest_CA_v0.1-27 40000 60000 0.538338
Pdest_CA_v0.1-27 50000 70000 0.53215
Pdest_CA_v0.1-27 60000 80000 0.5258
Pdest_CA_v0.1-27 70000 90000 0.5265
Pdest_CA_v0.1-27 80000 100000 0.5279
Pdest_CA_v0.1-27 90000 110000 0.525
Pdest_CA_v0.1-27 100000 111562 0.517212
Pdest_CA_v0.1-28 0 20000 0.5195
Pdest_CA_v0.1-28 10000 30000 0.50825
Pdest_CA_v0.1-28 20000 40000 0.50895
Pdest_CA_v0.1-28 30000 50000 0.51985
Pdest_CA_v0.1-28 40000 60000 0.53055
Pdest_CA_v0.1-28 50000 70000 0.52135
Pdest_CA_v0.1-28 60000 80000 0.5074
Pdest_CA_v0.1-28 70000 90000 0.5178
Pdest_CA_v0.1-28 80000 100000 0.52985
Pdest_CA_v0.1-28 90000 108513 0.530492
Pdest_CA_v0.1-29 0 20000 0.4887
Pdest_CA_v0.1-29 10000 30000 0.4919
Pdest_CA_v0.1-29 20000 40000 0.50545
Pdest_CA_v0.1-29 30000 50000 0.49915
Pdest_CA_v0.1-29 40000 60000 0.509459
Pdest_CA_v0.1-29 50000 70000 0.530931
Pdest_CA_v0.1-29 60000 80000 0.51595
Pdest_CA_v0.1-29 70000 90000 0.50455
Pdest_CA_v0.1-29 80000 100000 0.509569
Pdest_CA_v0.1-29 90000 108247 0.508578
Pdest_CA_v0.1-30 0 20000 0.51135
Pdest_CA_v0.1-30 10000 30000 0.5154
Pdest_CA_v0.1-30 20000 40000 0.53125
Pdest_CA_v0.1-30 30000 50000 0.518468
Pdest_CA_v0.1-30 40000 60000 0.498448
Pdest_CA_v0.1-30 50000 70000 0.49795
Pdest_CA_v0.1-30 60000 80000 0.4961
Pdest_CA_v0.1-30 70000 90000 0.50105
Pdest_CA_v0.1-30 80000 93909 0.504781
Pdest_CA_v0.1-31 0 20000 0.51195
Pdest_CA_v0.1-31 10000 30000 0.52365
Pdest_CA_v0.1-31 20000 40000 0.54245
Pdest_CA_v0.1-31 30000 50000 0.5515
Pdest_CA_v0.1-31 40000 60000 0.53765
Pdest_CA_v0.1-31 50000 70000 0.51835
Pdest_CA_v0.1-31 60000 80000 0.51235
Pdest_CA_v0.1-31 70000 90000 0.50905
Pdest_CA_v0.1-31 80000 92467 0.510869
Pdest_CA_v0.1-32 0 20000 0.49275
Pdest_CA_v0.1-32 10000 30000 0.47145
Pdest_CA_v0.1-32 20000 40000 0.48025
Pdest_CA_v0.1-32 30000 50000 0.5032
Pdest_CA_v0.1-32 40000 60000 0.51025
Pdest_CA_v0.1-32 50000 70000 0.52215
Pdest_CA_v0.1-32 60000 80000 0.52345
Pdest_CA_v0.1-32 70000 89774 0.519824
Pdest_CA_v0.1-33 0 20000 0.50765
Pdest_CA_v0.1-33 10000 30000 0.5402
Pdest_CA_v0.1-33 20000 40000 0.53525
Pdest_CA_v0.1-33 30000 50000 0.51995
Pdest_CA_v0.1-33 40000 60000 0.51655
Pdest_CA_v0.1-33 50000 70000 0.5152
Pdest_CA_v0.1-33 60000 80000 0.5108
Pdest_CA_v0.1-33 70000 85225 0.502594
Pdest_CA_v0.1-34 0 20000 0.52745
Pdest_CA_v0.1-34 10000 30000 0.51785
Pdest_CA_v0.1-34 20000 40000 0.52065
Pdest_CA_v0.1-34 30000 50000 0.51805
Pdest_CA_v0.1-34 40000 60000 0.5109
Pdest_CA_v0.1-34 50000 70000 0.5199
Pdest_CA_v0.1-34 60000 80000 0.51865
Pdest_CA_v0.1-34 70000 80776 0.508259
Pdest_CA_v0.1-35 0 20000 0.529229
Pdest_CA_v0.1-35 10000 30000 0.5073
Pdest_CA_v0.1-35 20000 40000 0.50535
Pdest_CA_v0.1-35 30000 50000 0.52635
Pdest_CA_v0.1-35 40000 60000 0.52085
Pdest_CA_v0.1-35 50000 70000 0.52395
Pdest_CA_v0.1-35 60000 78630 0.521524
Pdest_CA_v0.1-36 0 20000 0.5276
Pdest_CA_v0.1-36 10000 30000 0.5332
Pdest_CA_v0.1-36 20000 40000 0.5333
Pdest_CA_v0.1-36 30000 50000 0.5328
Pdest_CA_v0.1-36 40000 60000 0.52075
Pdest_CA_v0.1-36 50000 70000 0.52935
Pdest_CA_v0.1-36 60000 76197 0.531209
Pdest_CA_v0.1-37 0 20000 0.5036
Pdest_CA_v0.1-37 10000 30000 0.49855
Pdest_CA_v0.1-37 20000 40000 0.50705
Pdest_CA_v0.1-37 30000 50000 0.51485
Pdest_CA_v0.1-37 40000 60000 0.5263
Pdest_CA_v0.1-37 50000 70000 0.51155
Pdest_CA_v0.1-37 60000 71553 0.489743
Pdest_CA_v0.1-38 0 20000 0.535385
Pdest_CA_v0.1-38 10000 30000 0.515015
Pdest_CA_v0.1-38 20000 40000 0.5141
Pdest_CA_v0.1-38 30000 50000 0.50865
Pdest_CA_v0.1-38 40000 60000 0.4936
Pdest_CA_v0.1-38 50000 68467 0.483674
Pdest_CA_v0.1-39 0 20000 0.505606
Pdest_CA_v0.1-39 10000 30000 0.50925
Pdest_CA_v0.1-39 20000 40000 0.522
Pdest_CA_v0.1-39 30000 50000 0.5267
Pdest_CA_v0.1-39 40000 60000 0.5112
Pdest_CA_v0.1-39 50000 66829 0.505021
Pdest_CA_v0.1-40 0 20000 0.5047
Pdest_CA_v0.1-40 10000 30000 0.504
Pdest_CA_v0.1-40 20000 40000 0.51045
Pdest_CA_v0.1-40 30000 50000 0.51195
Pdest_CA_v0.1-40 40000 60000 0.50675
Pdest_CA_v0.1-40 50000 65863 0.506966
Pdest_CA_v0.1-41 0 20000 0.52175
Pdest_CA_v0.1-41 10000 30000 0.5355
Pdest_CA_v0.1-41 20000 40000 0.53315
Pdest_CA_v0.1-41 30000 50000 0.52535
Pdest_CA_v0.1-41 40000 60000 0.5176
Pdest_CA_v0.1-41 50000 63784 0.521692
Pdest_CA_v0.1-42 0 20000 0.5168
Pdest_CA_v0.1-42 10000 30000 0.5327
Pdest_CA_v0.1-42 20000 40000 0.538088
Pdest_CA_v0.1-42 30000 50000 0.528879
Pdest_CA_v0.1-42 40000 60000 0.5007
Pdest_CA_v0.1-42 50000 61230 0.479608
Pdest_CA_v0.1-43 0 20000 0.48155
Pdest_CA_v0.1-43 10000 30000 0.4941
Pdest_CA_v0.1-43 20000 40000 0.5072
Pdest_CA_v0.1-43 30000 50000 0.5164
Pdest_CA_v0.1-43 40000 57957 0.512112
Pdest_CA_v0.1-44 0 20000 0.5026
Pdest_CA_v0.1-44 10000 30000 0.4997
Pdest_CA_v0.1-44 20000 40000 0.50235
Pdest_CA_v0.1-44 30000 50000 0.48175
Pdest_CA_v0.1-44 40000 55779 0.468851
Pdest_CA_v0.1-45 0 20000 0.5023
Pdest_CA_v0.1-45 10000 30000 0.489
Pdest_CA_v0.1-45 20000 40000 0.478335
Pdest_CA_v0.1-45 30000 50000 0.501003
Pdest_CA_v0.1-45 40000 51518 0.523962
Pdest_CA_v0.1-46 0 20000 0.5224
Pdest_CA_v0.1-46 10000 30000 0.5193
Pdest_CA_v0.1-46 20000 40000 0.51895
Pdest_CA_v0.1-46 30000 50000 0.5076
Pdest_CA_v0.1-46 40000 51288 0.498494
Pdest_CA_v0.1-68 0 20000 0.5109
Pdest_CA_v0.1-68 10000 30000 0.5005
Pdest_CA_v0.1-68 20000 40000 0.49625
Pdest_CA_v0.1-68 30000 50000 0.491
Pdest_CA_v0.1-68 40000 60000 0.48655
Pdest_CA_v0.1-68 50000 70000 0.5012
Pdest_CA_v0.1-68 60000 80000 0.5204
Pdest_CA_v0.1-68 70000 90000 0.513363
Pdest_CA_v0.1-68 80000 100000 0.51036
Pdest_CA_v0.1-68 90000 110000 0.5214
Pdest_CA_v0.1-68 100000 120000 0.5132
Pdest_CA_v0.1-68 110000 130000 0.51405
Pdest_CA_v0.1-68 120000 140000 0.51305
Pdest_CA_v0.1-68 130000 150000 0.5173
Pdest_CA_v0.1-68 140000 160000 0.51585
Pdest_CA_v0.1-68 150000 170000 0.5099
Pdest_CA_v0.1-68 160000 180000 0.50845
Pdest_CA_v0.1-68 170000 190000 0.5066
Pdest_CA_v0.1-68 180000 200000 0.5093
Pdest_CA_v0.1-68 190000 210000 0.5068
Pdest_CA_v0.1-68 200000 220000 0.50865
Pdest_CA_v0.1-68 210000 230000 0.5055
Pdest_CA_v0.1-68 220000 240000 0.51135
Pdest_CA_v0.1-68 230000 250000 0.51545
Pdest_CA_v0.1-68 240000 260000 0.5043
Pdest_CA_v0.1-68 250000 270000 0.5026
Pdest_CA_v0.1-68 260000 280000 0.52065
Pdest_CA_v0.1-68 270000 290000 0.5275
Pdest_CA_v0.1-68 280000 300000 0.5168
Pdest_CA_v0.1-68 290000 310000 0.52365
Pdest_CA_v0.1-68 300000 320000 0.52955
Pdest_CA_v0.1-68 310000 330000 0.5318
Pdest_CA_v0.1-68 320000 340000 0.53855
Pdest_CA_v0.1-68 330000 350000 0.53735
Pdest_CA_v0.1-68 340000 360000 0.53115
Pdest_CA_v0.1-68 350000 370000 0.5046
Pdest_CA_v0.1-68 360000 380000 0.49315
Pdest_CA_v0.1-68 370000 390000 0.5023
Pdest_CA_v0.1-68 380000 399461 0.485124
Pdest_CA_v0.1-69 0 20000 0.50865
Pdest_CA_v0.1-69 10000 30000 0.5189
Pdest_CA_v0.1-69 20000 40000 0.5183
Pdest_CA_v0.1-69 30000 50000 0.52685
Pdest_CA_v0.1-69 40000 60000 0.51905
Pdest_CA_v0.1-69 50000 70000 0.5059
Pdest_CA_v0.1-69 60000 80000 0.5208
Pdest_CA_v0.1-69 70000 90000 0.5288
Pdest_CA_v0.1-69 80000 100000 0.5213
Pdest_CA_v0.1-69 90000 110000 0.5266
Pdest_CA_v0.1-69 100000 120000 0.52365
Pdest_CA_v0.1-69 110000 130000 0.5093
Pdest_CA_v0.1-69 120000 140000 0.50975
Pdest_CA_v0.1-69 130000 150000 0.5
Pdest_CA_v0.1-69 140000 160000 0.498
Pdest_CA_v0.1-69 150000 170000 0.51895
Pdest_CA_v0.1-69 160000 180000 0.524
Pdest_CA_v0.1-69 170000 190000 0.51585
Pdest_CA_v0.1-69 180000 200000 0.50765
Pdest_CA_v0.1-69 190000 210000 0.51295
Pdest_CA_v0.1-69 200000 220000 0.52305
Pdest_CA_v0.1-69 210000 230000 0.50075
Pdest_CA_v0.1-69 220000 240000 0.49745
Pdest_CA_v0.1-69 230000 250000 0.50835
Pdest_CA_v0.1-69 240000 260000 0.50335
Pdest_CA_v0.1-69 250000 270000 0.5154
Pdest_CA_v0.1-69 260000 280000 0.5177
Pdest_CA_v0.1-69 270000 290000 0.51385
Pdest_CA_v0.1-69 280000 300000 0.50355
Pdest_CA_v0.1-69 290000 310000 0.50365
Pdest_CA_v0.1-69 300000 320000 0.5035
Pdest_CA_v0.1-69 310000 330000 0.50675
Pdest_CA_v0.1-69 320000 340000 0.51245
Pdest_CA_v0.1-69 330000 341761 0.502168
Pdest_CA_v0.1-70 0 20000 0.5034
Pdest_CA_v0.1-70 10000 30000 0.5062
Pdest_CA_v0.1-70 20000 40000 0.5139
Pdest_CA_v0.1-70 30000 50000 0.5249
Pdest_CA_v0.1-70 40000 60000 0.5241
Pdest_CA_v0.1-70 50000 70000 0.50925
Pdest_CA_v0.1-70 60000 80000 0.49525
Pdest_CA_v0.1-70 70000 90000 0.4976
Pdest_CA_v0.1-70 80000 100000 0.505
Pdest_CA_v0.1-70 90000 110000 0.51315
Pdest_CA_v0.1-70 100000 120000 0.52015
Pdest_CA_v0.1-70 110000 130000 0.5133
Pdest_CA_v0.1-70 120000 140000 0.5058
Pdest_CA_v0.1-70 130000 150000 0.516
Pdest_CA_v0.1-70 140000 160000 0.5144
Pdest_CA_v0.1-70 150000 170000 0.4974
Pdest_CA_v0.1-70 160000 180000 0.4919
Pdest_CA_v0.1-70 170000 190000 0.49605
Pdest_CA_v0.1-70 180000 200000 0.5059
Pdest_CA_v0.1-70 190000 210000 0.5035
Pdest_CA_v0.1-70 200000 220000 0.49585
Pdest_CA_v0.1-70 210000 230000 0.50655
Pdest_CA_v0.1-70 220000 240000 0.518
Pdest_CA_v0.1-70 230000 250000 0.5169
Pdest_CA_v0.1-70 240000 260000 0.5194
Pdest_CA_v0.1-70 250000 270000 0.52425
Pdest_CA_v0.1-70 260000 280000 0.5271
Pdest_CA_v0.1-70 270000 290000 0.5276
Pdest_CA_v0.1-70 280000 300000 0.5165
Pdest_CA_v0.1-70 290000 310000 0.5131
Pdest_CA_v0.1-70 300000 318371 0.504981
Pdest_CA_v0.1-71 0 20000 0.52017
Pdest_CA_v0.1-71 10000 30000 0.514
Pdest_CA_v0.1-71 20000 40000 0.49625
Pdest_CA_v0.1-71 30000 50000 0.5152
Pdest_CA_v0.1-71 40000 60000 0.5305
Pdest_CA_v0.1-71 50000 70000 0.5241
Pdest_CA_v0.1-71 60000 80000 0.5224
Pdest_CA_v0.1-71 70000 90000 0.51965
Pdest_CA_v0.1-71 80000 100000 0.5139
Pdest_CA_v0.1-71 90000 110000 0.5112
Pdest_CA_v0.1-71 100000 120000 0.51465
Pdest_CA_v0.1-71 110000 130000 0.522
Pdest_CA_v0.1-71 120000 140000 0.51975
Pdest_CA_v0.1-71 130000 150000 0.5023
Pdest_CA_v0.1-71 140000 160000 0.51325
Pdest_CA_v0.1-71 150000 170000 0.53065
Pdest_CA_v0.1-71 160000 180000 0.5238
Pdest_CA_v0.1-71 170000 190000 0.5276
Pdest_CA_v0.1-71 180000 200000 0.53055
Pdest_CA_v0.1-71 190000 210000 0.52295
Pdest_CA_v0.1-71 200000 220000 0.5171
Pdest_CA_v0.1-71 210000 230000 0.5295
Pdest_CA_v0.1-71 220000 240000 0.52865
Pdest_CA_v0.1-71 230000 250000 0.5218
Pdest_CA_v0.1-71 240000 260000 0.5187
Pdest_CA_v0.1-71 250000 270000 0.5022
Pdest_CA_v0.1-71 260000 280000 0.5012
Pdest_CA_v0.1-71 270000 290000 0.49775
Pdest_CA_v0.1-71 280000 300000 0.5026
Pdest_CA_v0.1-71 290000 310000 0.5217
Pdest_CA_v0.1-71 300000 313190 0.521911
Pdest_CA_v0.1-72 0 20000 0.51865
Pdest_CA_v0.1-72 10000 30000 0.5169
Pdest_CA_v0.1-72 20000 40000 0.51215
Pdest_CA_v0.1-72 30000 50000 0.524
Pdest_CA_v0.1-72 40000 60000 0.52565
Pdest_CA_v0.1-72 50000 70000 0.53155
Pdest_CA_v0.1-72 60000 80000 0.53225
Pdest_CA_v0.1-72 70000 90000 0.5262
Pdest_CA_v0.1-72 80000 100000 0.5158
Pdest_CA_v0.1-72 90000 110000 0.509309
Pdest_CA_v0.1-72 100000 120000 0.511111
Pdest_CA_v0.1-72 110000 130000 0.51335
Pdest_CA_v0.1-72 120000 140000 0.51945
Pdest_CA_v0.1-72 130000 150000 0.5194
Pdest_CA_v0.1-72 140000 160000 0.49275
Pdest_CA_v0.1-72 150000 170000 0.49745
Pdest_CA_v0.1-72 160000 180000 0.5177
Pdest_CA_v0.1-72 170000 190000 0.51085
Pdest_CA_v0.1-72 180000 200000 0.5024
Pdest_CA_v0.1-72 190000 210000 0.4987
Pdest_CA_v0.1-72 200000 220000 0.5144
Pdest_CA_v0.1-72 210000 230000 0.52745
Pdest_CA_v0.1-72 220000 240000 0.51555
Pdest_CA_v0.1-72 230000 250000 0.50885
Pdest_CA_v0.1-72 240000 260000 0.51475
Pdest_CA_v0.1-72 250000 270000 0.5117
Pdest_CA_v0.1-72 260000 280000 0.50945
Pdest_CA_v0.1-72 270000 290000 0.51675
Pdest_CA_v0.1-72 280000 299551 0.50601
Pdest_CA_v0.1-73 0 20000 0.52255
Pdest_CA_v0.1-73 10000 30000 0.518268
Pdest_CA_v0.1-73 20000 40000 0.526927
Pdest_CA_v0.1-73 30000 50000 0.52645
Pdest_CA_v0.1-73 40000 60000 0.50745
Pdest_CA_v0.1-73 50000 70000 0.505
Pdest_CA_v0.1-73 60000 80000 0.5093
Pdest_CA_v0.1-73 70000 90000 0.513814
Pdest_CA_v0.1-73 80000 100000 0.524599
Pdest_CA_v0.1-73 90000 110000 0.524575
Pdest_CA_v0.1-73 100000 120000 0.49825
Pdest_CA_v0.1-73 110000 130000 0.5042
Pdest_CA_v0.1-73 120000 140000 0.52715
Pdest_CA_v0.1-73 130000 150000 0.52535
Pdest_CA_v0.1-73 140000 160000 0.52965
Pdest_CA_v0.1-73 150000 170000 0.5184
Pdest_CA_v0.1-73 160000 180000 0.5163
Pdest_CA_v0.1-73 170000 190000 0.51835
Pdest_CA_v0.1-73 180000 200000 0.52255
Pdest_CA_v0.1-73 190000 210000 0.519
Pdest_CA_v0.1-73 200000 220000 0.5212
Pdest_CA_v0.1-73 210000 230000 0.5226
Pdest_CA_v0.1-73 220000 240000 0.5096
Pdest_CA_v0.1-73 230000 250000 0.51005
Pdest_CA_v0.1-73 240000 260000 0.5116
Pdest_CA_v0.1-73 250000 270000 0.5151
Pdest_CA_v0.1-73 260000 280000 0.5165
Pdest_CA_v0.1-73 270000 283146 0.515214
Pdest_CA_v0.1-74 0 20000 0.51585
Pdest_CA_v0.1-74 10000 30000 0.52135
Pdest_CA_v0.1-74 20000 40000 0.5237
Pdest_CA_v0.1-74 30000 50000 0.52145
Pdest_CA_v0.1-74 40000 60000 0.5243
Pdest_CA_v0.1-74 50000 70000 0.5217
Pdest_CA_v0.1-74 60000 80000 0.5228
Pdest_CA_v0.1-74 70000 90000 0.52735
Pdest_CA_v0.1-74 80000 100000 0.52325
Pdest_CA_v0.1-74 90000 110000 0.5293
Pdest_CA_v0.1-74 100000 120000 0.5189
Pdest_CA_v0.1-74 110000 130000 0.50685
Pdest_CA_v0.1-74 120000 140000 0.522
Pdest_CA_v0.1-74 130000 150000 0.527427
Pdest_CA_v0.1-74 140000 160000 0.514464
Pdest_CA_v0.1-74 150000 170000 0.50925
Pdest_CA_v0.1-74 160000 180000 0.5079
Pdest_CA_v0.1-74 170000 190000 0.50965
Pdest_CA_v0.1-74 180000 200000 0.50445
Pdest_CA_v0.1-74 190000 210000 0.50395
Pdest_CA_v0.1-74 200000 220000 0.5233
Pdest_CA_v0.1-74 210000 230000 0.5147
Pdest_CA_v0.1-74 220000 240000 0.50855
Pdest_CA_v0.1-74 230000 250000 0.51425
Pdest_CA_v0.1-74 240000 254480 0.507597
Pdest_CA_v0.1-75 0 20000 0.51555
Pdest_CA_v0.1-75 10000 30000 0.5163
Pdest_CA_v0.1-75 20000 40000 0.51775
Pdest_CA_v0.1-75 30000 50000 0.5127
Pdest_CA_v0.1-75 40000 60000 0.5137
Pdest_CA_v0.1-75 50000 70000 0.5086
Pdest_CA_v0.1-75 60000 80000 0.5168
Pdest_CA_v0.1-75 70000 90000 0.52545
Pdest_CA_v0.1-75 80000 100000 0.5079
Pdest_CA_v0.1-75 90000 110000 0.4967
Pdest_CA_v0.1-75 100000 120000 0.4981
Pdest_CA_v0.1-75 110000 130000 0.5005
Pdest_CA_v0.1-75 120000 140000 0.5029
Pdest_CA_v0.1-75 130000 150000 0.5018
Pdest_CA_v0.1-75 140000 160000 0.49935
Pdest_CA_v0.1-75 150000 170000 0.5086
Pdest_CA_v0.1-75 160000 180000 0.5142
Pdest_CA_v0.1-75 170000 190000 0.5075
Pdest_CA_v0.1-75 180000 200000 0.5085
Pdest_CA_v0.1-75 190000 210000 0.5163
Pdest_CA_v0.1-75 200000 220000 0.51555
Pdest_CA_v0.1-75 210000 223079 0.53001
Pdest_CA_v0.1-76 0 20000 0.503
Pdest_CA_v0.1-76 10000 30000 0.50325
Pdest_CA_v0.1-76 20000 40000 0.50225
Pdest_CA_v0.1-76 30000 50000 0.5019
Pdest_CA_v0.1-76 40000 60000 0.495
Pdest_CA_v0.1-76 50000 70000 0.49745
Pdest_CA_v0.1-76 60000 80000 0.5057
Pdest_CA_v0.1-76 70000 90000 0.50505
Pdest_CA_v0.1-76 80000 100000 0.5132
Pdest_CA_v0.1-76 90000 110000 0.52445
Pdest_CA_v0.1-76 100000 120000 0.5181
Pdest_CA_v0.1-76 110000 130000 0.49455
Pdest_CA_v0.1-76 120000 140000 0.50055
Pdest_CA_v0.1-76 130000 150000 0.51105
Pdest_CA_v0.1-76 140000 160000 0.5113
Pdest_CA_v0.1-76 150000 170000 0.5147
Pdest_CA_v0.1-76 160000 180000 0.49
Pdest_CA_v0.1-76 170000 190000 0.4909
Pdest_CA_v0.1-76 180000 200000 0.51945
Pdest_CA_v0.1-76 190000 210000 0.52255
Pdest_CA_v0.1-76 200000 220000 0.5116
Pdest_CA_v0.1-76 210000 220841 0.507149
Pdest_CA_v0.1-77 0 20000 0.521343
Pdest_CA_v0.1-77 10000 30000 0.51945
Pdest_CA_v0.1-77 20000 40000 0.53215
Pdest_CA_v0.1-77 30000 50000 0.5309
Pdest_CA_v0.1-77 40000 60000 0.517165
Pdest_CA_v0.1-77 50000 70000 0.51339
Pdest_CA_v0.1-77 60000 80000 0.5069
Pdest_CA_v0.1-77 70000 90000 0.5092
Pdest_CA_v0.1-77 80000 100000 0.51665
Pdest_CA_v0.1-77 90000 110000 0.51115
Pdest_CA_v0.1-77 100000 120000 0.506507
Pdest_CA_v0.1-77 110000 130000 0.502953
Pdest_CA_v0.1-77 120000 140000 0.50725
Pdest_CA_v0.1-77 130000 150000 0.5178
Pdest_CA_v0.1-77 140000 160000 0.50695
Pdest_CA_v0.1-77 150000 170000 0.50335
Pdest_CA_v0.1-77 160000 180000 0.51945
Pdest_CA_v0.1-77 170000 190000 0.525
Pdest_CA_v0.1-77 180000 200000 0.5187
Pdest_CA_v0.1-77 190000 209184 0.520694
Pdest_CA_v0.1-78 0 20000 0.5052
Pdest_CA_v0.1-78 10000 30000 0.51325
Pdest_CA_v0.1-78 20000 40000 0.52305
Pdest_CA_v0.1-78 30000 50000 0.52135
Pdest_CA_v0.1-78 40000 60000 0.51705
Pdest_CA_v0.1-78 50000 70000 0.509
Pdest_CA_v0.1-78 60000 80000 0.51695
Pdest_CA_v0.1-78 70000 90000 0.5249
Pdest_CA_v0.1-78 80000 100000 0.5242
Pdest_CA_v0.1-78 90000 110000 0.52095
Pdest_CA_v0.1-78 100000 120000 0.51755
Pdest_CA_v0.1-78 110000 130000 0.5145
Pdest_CA_v0.1-78 120000 140000 0.50815
Pdest_CA_v0.1-78 130000 150000 0.5202
Pdest_CA_v0.1-78 140000 160000 0.5242
Pdest_CA_v0.1-78 150000 170000 0.5084
Pdest_CA_v0.1-78 160000 180000 0.5142
Pdest_CA_v0.1-78 170000 190000 0.5179
Pdest_CA_v0.1-78 180000 200000 0.5158
Pdest_CA_v0.1-78 190000 208435 0.495091
Pdest_CA_v0.1-79 0 20000 0.533584
Pdest_CA_v0.1-79 10000 30000 0.51995
Pdest_CA_v0.1-79 20000 40000 0.51905
Pdest_CA_v0.1-79 30000 50000 0.52215
Pdest_CA_v0.1-79 40000 60000 0.5243
Pdest_CA_v0.1-79 50000 70000 0.5082
Pdest_CA_v0.1-79 60000 80000 0.5072
Pdest_CA_v0.1-79 70000 90000 0.5245
Pdest_CA_v0.1-79 80000 100000 0.52725
Pdest_CA_v0.1-79 90000 110000 0.52195
Pdest_CA_v0.1-79 100000 120000 0.51425
Pdest_CA_v0.1-79 110000 130000 0.51495
Pdest_CA_v0.1-79 120000 140000 0.51855
Pdest_CA_v0.1-79 130000 150000 0.52295
Pdest_CA_v0.1-79 140000 160000 0.5242
Pdest_CA_v0.1-79 150000 170000 0.5135
Pdest_CA_v0.1-79 160000 180000 0.5166
Pdest_CA_v0.1-79 170000 190000 0.5332
Pdest_CA_v0.1-79 180000 200000 0.52415
Pdest_CA_v0.1-79 190000 202459 0.510876
Pdest_CA_v0.1-80 0 20000 0.515465
Pdest_CA_v0.1-80 10000 30000 0.5114
Pdest_CA_v0.1-80 20000 40000 0.51575
Pdest_CA_v0.1-80 30000 50000 0.50825
Pdest_CA_v0.1-80 40000 60000 0.5011
Pdest_CA_v0.1-80 50000 70000 0.5125
Pdest_CA_v0.1-80 60000 80000 0.52055
Pdest_CA_v0.1-80 70000 90000 0.50755
Pdest_CA_v0.1-80 80000 100000 0.4905
Pdest_CA_v0.1-80 90000 110000 0.4911
Pdest_CA_v0.1-80 100000 120000 0.5058
Pdest_CA_v0.1-80 110000 130000 0.5205
Pdest_CA_v0.1-80 120000 140000 0.51985
Pdest_CA_v0.1-80 130000 150000 0.51995
Pdest_CA_v0.1-80 140000 160000 0.5186
Pdest_CA_v0.1-80 150000 170000 0.5133
Pdest_CA_v0.1-80 160000 180000 0.519269
Pdest_CA_v0.1-80 170000 189311 0.519797
Pdest_CA_v0.1-81 0 20000 0.510961
Pdest_CA_v0.1-81 10000 30000 0.501702
Pdest_CA_v0.1-81 20000 40000 0.51005
Pdest_CA_v0.1-81 30000 50000 0.52265
Pdest_CA_v0.1-81 40000 60000 0.52475
Pdest_CA_v0.1-81 50000 70000 0.49475
Pdest_CA_v0.1-81 60000 80000 0.4814
Pdest_CA_v0.1-81 70000 90000 0.50615
Pdest_CA_v0.1-81 80000 100000 0.52495
Pdest_CA_v0.1-81 90000 110000 0.52435
Pdest_CA_v0.1-81 100000 120000 0.52215
Pdest_CA_v0.1-81 110000 130000 0.5195
Pdest_CA_v0.1-81 120000 140000 0.502
Pdest_CA_v0.1-81 130000 150000 0.50855
Pdest_CA_v0.1-81 140000 160000 0.52515
Pdest_CA_v0.1-81 150000 170000 0.52745
Pdest_CA_v0.1-81 160000 180000 0.52275
Pdest_CA_v0.1-81 170000 188468 0.507418
Pdest_CA_v0.1-82 0 20000 0.5216
Pdest_CA_v0.1-82 10000 30000 0.53075
Pdest_CA_v0.1-82 20000 40000 0.5277
Pdest_CA_v0.1-82 30000 50000 0.51305
Pdest_CA_v0.1-82 40000 60000 0.51645
Pdest_CA_v0.1-82 50000 70000 0.51455
Pdest_CA_v0.1-82 60000 80000 0.50645
Pdest_CA_v0.1-82 70000 90000 0.52165
Pdest_CA_v0.1-82 80000 100000 0.53155
Pdest_CA_v0.1-82 90000 110000 0.5232
Pdest_CA_v0.1-82 100000 120000 0.5132
Pdest_CA_v0.1-82 110000 130000 0.51355
Pdest_CA_v0.1-82 120000 140000 0.5105
Pdest_CA_v0.1-82 130000 150000 0.51425
Pdest_CA_v0.1-82 140000 160000 0.5275
Pdest_CA_v0.1-82 150000 170000 0.52465
Pdest_CA_v0.1-82 160000 180000 0.5099
Pdest_CA_v0.1-82 170000 183095 0.510042
Pdest_CA_v0.1-83 0 20000 0.497247
Pdest_CA_v0.1-83 10000 30000 0.52032
Pdest_CA_v0.1-83 20000 40000 0.52195
Pdest_CA_v0.1-83 30000 50000 0.51145
Pdest_CA_v0.1-83 40000 60000 0.5181
Pdest_CA_v0.1-83 50000 70000 0.5313
Pdest_CA_v0.1-83 60000 80000 0.52665
Pdest_CA_v0.1-83 70000 90000 0.50565
Pdest_CA_v0.1-83 80000 100000 0.5131
Pdest_CA_v0.1-83 90000 110000 0.5322
Pdest_CA_v0.1-83 100000 120000 0.5236
Pdest_CA_v0.1-83 110000 130000 0.5072
Pdest_CA_v0.1-83 120000 140000 0.51125
Pdest_CA_v0.1-83 130000 150000 0.51105
Pdest_CA_v0.1-83 140000 160000 0.51105
Pdest_CA_v0.1-83 150000 168751 0.509093
Pdest_CA_v0.1-84 0 20000 0.51575
Pdest_CA_v0.1-84 10000 30000 0.4998
Pdest_CA_v0.1-84 20000 40000 0.50215
Pdest_CA_v0.1-84 30000 50000 0.5175
Pdest_CA_v0.1-84 40000 60000 0.534
Pdest_CA_v0.1-84 50000 70000 0.54275
Pdest_CA_v0.1-84 60000 80000 0.52255
Pdest_CA_v0.1-84 70000 90000 0.5294
Pdest_CA_v0.1-84 80000 100000 0.5351
Pdest_CA_v0.1-84 90000 110000 0.5279
Pdest_CA_v0.1-84 100000 120000 0.5197
Pdest_CA_v0.1-84 110000 130000 0.51235
Pdest_CA_v0.1-84 120000 140000 0.5274
Pdest_CA_v0.1-84 130000 150000 0.52465
Pdest_CA_v0.1-84 140000 160000 0.51675
Pdest_CA_v0.1-84 150000 168624 0.524081
Pdest_CA_v0.1-85 0 20000 0.53565
Pdest_CA_v0.1-85 10000 30000 0.5317
Pdest_CA_v0.1-85 20000 40000 0.52435
Pdest_CA_v0.1-85 30000 50000 0.5172
Pdest_CA_v0.1-85 40000 60000 0.527
Pdest_CA_v0.1-85 50000 70000 0.5254
Pdest_CA_v0.1-85 60000 80000 0.5195
Pdest_CA_v0.1-85 70000 90000 0.5231
Pdest_CA_v0.1-85 80000 100000 0.513964
Pdest_CA_v0.1-85 90000 110000 0.516416
Pdest_CA_v0.1-85 100000 120000 0.52735
Pdest_CA_v0.1-85 110000 130000 0.5121
Pdest_CA_v0.1-85 120000 140000 0.50685
Pdest_CA_v0.1-85 130000 150000 0.5043
Pdest_CA_v0.1-85 140000 160000 0.4906
Pdest_CA_v0.1-85 150000 167140 0.49189
Pdest_CA_v0.1-86 0 20000 0.52145
Pdest_CA_v0.1-86 10000 30000 0.5019
Pdest_CA_v0.1-86 20000 40000 0.49235
Pdest_CA_v0.1-86 30000 50000 0.5147
Pdest_CA_v0.1-86 40000 60000 0.51405
Pdest_CA_v0.1-86 50000 70000 0.51215
Pdest_CA_v0.1-86 60000 80000 0.5187
Pdest_CA_v0.1-86 70000 90000 0.51435
Pdest_CA_v0.1-86 80000 100000 0.519219
Pdest_CA_v0.1-86 90000 110000 0.516066
Pdest_CA_v0.1-86 100000 120000 0.51245
Pdest_CA_v0.1-86 110000 130000 0.51605
Pdest_CA_v0.1-86 120000 140000 0.5366
Pdest_CA_v0.1-86 130000 150000 0.53755
Pdest_CA_v0.1-86 140000 160000 0.5145
Pdest_CA_v0.1-86 150000 165418 0.512339
Pdest_CA_v0.1-87 0 20000 0.52875
Pdest_CA_v0.1-87 10000 30000 0.52655
Pdest_CA_v0.1-87 20000 40000 0.53003
Pdest_CA_v0.1-87 30000 50000 0.532382
Pdest_CA_v0.1-87 40000 60000 0.5208
Pdest_CA_v0.1-87 50000 70000 0.5215
Pdest_CA_v0.1-87 60000 80000 0.5347
Pdest_CA_v0.1-87 70000 90000 0.5327
Pdest_CA_v0.1-87 80000 100000 0.50675
Pdest_CA_v0.1-87 90000 110000 0.498699
Pdest_CA_v0.1-87 100000 120000 0.516667
Pdest_CA_v0.1-87 110000 130000 0.52235
Pdest_CA_v0.1-87 120000 140000 0.51875
Pdest_CA_v0.1-87 130000 150000 0.5136
Pdest_CA_v0.1-87 140000 160000 0.5101
Pdest_CA_v0.1-87 150000 162116 0.514279
Pdest_CA_v0.1-88 0 20000 0.50895
Pdest_CA_v0.1-88 10000 30000 0.52465
Pdest_CA_v0.1-88 20000 40000 0.52575
Pdest_CA_v0.1-88 30000 50000 0.53455
Pdest_CA_v0.1-88 40000 60000 0.53105
Pdest_CA_v0.1-88 50000 70000 0.5183
Pdest_CA_v0.1-88 60000 80000 0.52225
Pdest_CA_v0.1-88 70000 90000 0.5264
Pdest_CA_v0.1-88 80000 100000 0.5058
Pdest_CA_v0.1-88 90000 110000 0.51095
Pdest_CA_v0.1-88 100000 120000 0.5244
Pdest_CA_v0.1-88 110000 130000 0.52145
Pdest_CA_v0.1-88 120000 140000 0.50895
Pdest_CA_v0.1-88 130000 150000 0.49825
Pdest_CA_v0.1-88 140000 154103 0.500603
Pdest_CA_v0.1-89 0 20000 0.4915
Pdest_CA_v0.1-89 10000 30000 0.49185
Pdest_CA_v0.1-89 20000 40000 0.49575
Pdest_CA_v0.1-89 30000 50000 0.49585
Pdest_CA_v0.1-89 40000 60000 0.50355
Pdest_CA_v0.1-89 50000 70000 0.523
Pdest_CA_v0.1-89 60000 80000 0.5274
Pdest_CA_v0.1-89 70000 90000 0.527277
Pdest_CA_v0.1-89 80000 100000 0.527878
Pdest_CA_v0.1-89 90000 110000 0.5276
Pdest_CA_v0.1-89 100000 120000 0.5403
Pdest_CA_v0.1-89 110000 130000 0.53785
Pdest_CA_v0.1-89 120000 140000 0.51455
Pdest_CA_v0.1-89 130000 150000 0.51755
Pdest_CA_v0.1-89 140000 152566 0.527853
Pdest_CA_v0.1-90 0 20000 0.5023
Pdest_CA_v0.1-90 10000 30000 0.52325
Pdest_CA_v0.1-90 20000 40000 0.51475
Pdest_CA_v0.1-90 30000 50000 0.5092
Pdest_CA_v0.1-90 40000 60000 0.50715
Pdest_CA_v0.1-90 50000 70000 0.5089
Pdest_CA_v0.1-90 60000 80000 0.50715
Pdest_CA_v0.1-90 70000 90000 0.50695
Pdest_CA_v0.1-90 80000 100000 0.52635
Pdest_CA_v0.1-90 90000 110000 0.52605
Pdest_CA_v0.1-90 100000 120000 0.52535
Pdest_CA_v0.1-90 110000 130000 0.52605
Pdest_CA_v0.1-90 120000 140000 0.50971
Pdest_CA_v0.1-90 130000 146776 0.487825
Pdest_CA_v0.1-91 0 20000 0.50015
Pdest_CA_v0.1-91 10000 30000 0.5139
Pdest_CA_v0.1-91 20000 40000 0.50545
Pdest_CA_v0.1-91 30000 50000 0.5019
Pdest_CA_v0.1-91 40000 60000 0.50695
Pdest_CA_v0.1-91 50000 70000 0.5099
Pdest_CA_v0.1-91 60000 80000 0.51545
Pdest_CA_v0.1-91 70000 90000 0.51585
Pdest_CA_v0.1-91 80000 100000 0.52095
Pdest_CA_v0.1-91 90000 110000 0.5232
Pdest_CA_v0.1-91 100000 120000 0.51935
Pdest_CA_v0.1-91 110000 130000 0.50415
Pdest_CA_v0.1-91 120000 140000 0.4989
Pdest_CA_v0.1-91 130000 146667 0.50267
Pdest_CA_v0.1-92 0 20000 0.513864
Pdest_CA_v0.1-92 10000 30000 0.527177
Pdest_CA_v0.1-92 20000 40000 0.51895
Pdest_CA_v0.1-92 30000 50000 0.49845
Pdest_CA_v0.1-92 40000 60000 0.49365
Pdest_CA_v0.1-92 50000 70000 0.5062
Pdest_CA_v0.1-92 60000 80000 0.51595
Pdest_CA_v0.1-92 70000 90000 0.517
Pdest_CA_v0.1-92 80000 100000 0.525275
Pdest_CA_v0.1-92 90000 110000 0.515866
Pdest_CA_v0.1-92 100000 120000 0.50625
Pdest_CA_v0.1-92 110000 130000 0.5103
Pdest_CA_v0.1-92 120000 140000 0.515
Pdest_CA_v0.1-92 130000 144545 0.517772
Pdest_CA_v0.1-93 0 20000 0.533233
Pdest_CA_v0.1-93 10000 30000 0.523223
Pdest_CA_v0.1-93 20000 40000 0.51745
Pdest_CA_v0.1-93 30000 50000 0.5163
Pdest_CA_v0.1-93 40000 60000 0.5266
Pdest_CA_v0.1-93 50000 70000 0.53135
Pdest_CA_v0.1-93 60000 80000 0.499
Pdest_CA_v0.1-93 70000 90000 0.50125
Pdest_CA_v0.1-93 80000 100000 0.53395
Pdest_CA_v0.1-93 90000 110000 0.5283
Pdest_CA_v0.1-93 100000 120000 0.5092
Pdest_CA_v0.1-93 110000 130000 0.5144
Pdest_CA_v0.1-93 120000 140000 0.52245
Pdest_CA_v0.1-93 130000 142013 0.521518
Pdest_CA_v0.1-94 0 20000 0.51395
Pdest_CA_v0.1-94 10000 30000 0.5251
Pdest_CA_v0.1-94 20000 40000 0.51795
Pdest_CA_v0.1-94 30000 50000 0.509
Pdest_CA_v0.1-94 40000 60000 0.50205
Pdest_CA_v0.1-94 50000 70000 0.5104
Pdest_CA_v0.1-94 60000 80000 0.52045
Pdest_CA_v0.1-94 70000 90000 0.52795
Pdest_CA_v0.1-94 80000 100000 0.5288
Pdest_CA_v0.1-94 90000 110000 0.5042
Pdest_CA_v0.1-94 100000 120000 0.509
Pdest_CA_v0.1-94 110000 130000 0.5128
Pdest_CA_v0.1-94 120000 140000 0.5135
Pdest_CA_v0.1-94 130000 140951 0.523331
Pdest_CA_v0.1-95 0 20000 0.5117
Pdest_CA_v0.1-95 10000 30000 0.51575
Pdest_CA_v0.1-95 20000 40000 0.51835
Pdest_CA_v0.1-95 30000 50000 0.5164
Pdest_CA_v0.1-95 40000 60000 0.5102
Pdest_CA_v0.1-95 50000 70000 0.52035
Pdest_CA_v0.1-95 60000 80000 0.52575
Pdest_CA_v0.1-95 70000 90000 0.53235
Pdest_CA_v0.1-95 80000 100000 0.52485
Pdest_CA_v0.1-95 90000 110000 0.51575
Pdest_CA_v0.1-95 100000 120000 0.5134
Pdest_CA_v0.1-95 110000 130000 0.5059
Pdest_CA_v0.1-95 120000 137014 0.504349
Pdest_CA_v0.1-96 0 20000 0.49965
Pdest_CA_v0.1-96 10000 30000 0.50635
Pdest_CA_v0.1-96 20000 40000 0.5079
Pdest_CA_v0.1-96 30000 50000 0.51515
Pdest_CA_v0.1-96 40000 60000 0.52195
Pdest_CA_v0.1-96 50000 70000 0.49385
Pdest_CA_v0.1-96 60000 80000 0.47475
Pdest_CA_v0.1-96 70000 90000 0.50285
Pdest_CA_v0.1-96 80000 100000 0.51955
Pdest_CA_v0.1-96 90000 110000 0.5291
Pdest_CA_v0.1-96 100000 120000 0.5286
Pdest_CA_v0.1-96 110000 130000 0.51615
Pdest_CA_v0.1-96 120000 134889 0.50131
Pdest_CA_v0.1-97 0 20000 0.5262
Pdest_CA_v0.1-97 10000 30000 0.52055
Pdest_CA_v0.1-97 20000 40000 0.51765
Pdest_CA_v0.1-97 30000 50000 0.5174
Pdest_CA_v0.1-97 40000 60000 0.52065
Pdest_CA_v0.1-97 50000 70000 0.519
Pdest_CA_v0.1-97 60000 80000 0.52395
Pdest_CA_v0.1-97 70000 90000 0.5218
Pdest_CA_v0.1-97 80000 100000 0.5138
Pdest_CA_v0.1-97 90000 110000 0.52125
Pdest_CA_v0.1-97 100000 120000 0.5167
Pdest_CA_v0.1-97 110000 130000 0.5183
Pdest_CA_v0.1-97 120000 132907 0.525064
Pdest_CA_v0.1-98 0 20000 0.5087
Pdest_CA_v0.1-98 10000 30000 0.50505
Pdest_CA_v0.1-98 20000 40000 0.50855
Pdest_CA_v0.1-98 30000 50000 0.5143
Pdest_CA_v0.1-98 40000 60000 0.53455
Pdest_CA_v0.1-98 50000 70000 0.53115
Pdest_CA_v0.1-98 60000 80000 0.52165
Pdest_CA_v0.1-98 70000 90000 0.532082
Pdest_CA_v0.1-98 80000 100000 0.524174
Pdest_CA_v0.1-98 90000 110000 0.5257
Pdest_CA_v0.1-98 100000 120000 0.5284
Pdest_CA_v0.1-98 110000 129316 0.530027
Pdest_CA_v0.1-99 0 20000 0.5287
Pdest_CA_v0.1-99 10000 30000 0.53705
Pdest_CA_v0.1-99 20000 40000 0.5366
Pdest_CA_v0.1-99 30000 50000 0.53985
Pdest_CA_v0.1-99 40000 60000 0.532983
Pdest_CA_v0.1-99 50000 70000 0.520721
Pdest_CA_v0.1-99 60000 80000 0.53005
Pdest_CA_v0.1-99 70000 90000 0.5336
Pdest_CA_v0.1-99 80000 100000 0.5227
Pdest_CA_v0.1-99 90000 110000 0.51555
Pdest_CA_v0.1-99 100000 120000 0.523423
Pdest_CA_v0.1-99 110000 128925 0.519407
Pdest_CA_v0.1-100 0 20000 0.52415
Pdest_CA_v0.1-100 10000 30000 0.5348
Pdest_CA_v0.1-100 20000 40000 0.537
Pdest_CA_v0.1-100 30000 50000 0.4976
Pdest_CA_v0.1-100 40000 60000 0.4882
Pdest_CA_v0.1-100 50000 70000 0.51035
Pdest_CA_v0.1-100 60000 80000 0.5215
Pdest_CA_v0.1-100 70000 90000 0.517868
Pdest_CA_v0.1-100 80000 100000 0.517217
Pdest_CA_v0.1-100 90000 110000 0.5314
Pdest_CA_v0.1-100 100000 120000 0.5353
Pdest_CA_v0.1-100 110000 128725 0.512964
Pdest_CA_v0.1-101 0 20000 0.5493
Pdest_CA_v0.1-101 10000 30000 0.49855
Pdest_CA_v0.1-101 20000 40000 0.5027
Pdest_CA_v0.1-101 30000 50000 0.5033
Pdest_CA_v0.1-101 40000 60000 0.51385
Pdest_CA_v0.1-101 50000 70000 0.52685
Pdest_CA_v0.1-101 60000 80000 0.5124
Pdest_CA_v0.1-101 70000 90000 0.50385
Pdest_CA_v0.1-101 80000 100000 0.5122
Pdest_CA_v0.1-101 90000 110000 0.5174
Pdest_CA_v0.1-101 100000 120000 0.5133
Pdest_CA_v0.1-101 110000 128192 0.504013
Pdest_CA_v0.1-102 0 20000 0.51755
Pdest_CA_v0.1-102 10000 30000 0.50675
Pdest_CA_v0.1-102 20000 40000 0.5207
Pdest_CA_v0.1-102 30000 50000 0.52435
Pdest_CA_v0.1-102 40000 60000 0.51175
Pdest_CA_v0.1-102 50000 70000 0.51355
Pdest_CA_v0.1-102 60000 80000 0.527
Pdest_CA_v0.1-102 70000 90000 0.5341
Pdest_CA_v0.1-102 80000 100000 0.5331
Pdest_CA_v0.1-102 90000 110000 0.53215
Pdest_CA_v0.1-102 100000 120000 0.51705
Pdest_CA_v0.1-102 110000 125081 0.49937
Pdest_CA_v0.1-103 0 20000 0.501301
Pdest_CA_v0.1-103 10000 30000 0.524875
Pdest_CA_v0.1-103 20000 40000 0.530781
Pdest_CA_v0.1-103 30000 50000 0.5259
Pdest_CA_v0.1-103 40000 60000 0.5125
Pdest_CA_v0.1-103 50000 70000 0.49575
Pdest_CA_v0.1-103 60000 80000 0.4922
Pdest_CA_v0.1-103 70000 90000 0.4912
Pdest_CA_v0.1-103 80000 100000 0.49355
Pdest_CA_v0.1-103 90000 110000 0.51675
Pdest_CA_v0.1-103 100000 120000 0.5246
Pdest_CA_v0.1-103 110000 120791 0.516727
Pdest_CA_v0.1-104 0 20000 0.477477
Pdest_CA_v0.1-104 10000 30000 0.50345
Pdest_CA_v0.1-104 20000 40000 0.51545
Pdest_CA_v0.1-104 30000 50000 0.51046
Pdest_CA_v0.1-104 40000 60000 0.490891
Pdest_CA_v0.1-104 50000 70000 0.50685
Pdest_CA_v0.1-104 60000 80000 0.51915
Pdest_CA_v0.1-104 70000 90000 0.50925
Pdest_CA_v0.1-104 80000 100000 0.51535
Pdest_CA_v0.1-104 90000 110000 0.5075
Pdest_CA_v0.1-104 100000 120000 0.485035
Pdest_CA_v0.1-104 110000 120235 0.475477
Pdest_CA_v0.1-105 0 20000 0.51565
Pdest_CA_v0.1-105 10000 30000 0.5224
Pdest_CA_v0.1-105 20000 40000 0.51115
Pdest_CA_v0.1-105 30000 50000 0.506
Pdest_CA_v0.1-105 40000 60000 0.50375
Pdest_CA_v0.1-105 50000 70000 0.4964
Pdest_CA_v0.1-105 60000 80000 0.50065
Pdest_CA_v0.1-105 70000 90000 0.50825
Pdest_CA_v0.1-105 80000 100000 0.5236
Pdest_CA_v0.1-105 90000 110000 0.5226
Pdest_CA_v0.1-105 100000 119621 0.513786
Pdest_CA_v0.1-106 0 20000 0.50435
Pdest_CA_v0.1-106 10000 30000 0.50015
Pdest_CA_v0.1-106 20000 40000 0.4924
Pdest_CA_v0.1-106 30000 50000 0.5017
Pdest_CA_v0.1-106 40000 60000 0.49515
Pdest_CA_v0.1-106 50000 70000 0.50655
Pdest_CA_v0.1-106 60000 80000 0.52935
Pdest_CA_v0.1-106 70000 90000 0.5244
Pdest_CA_v0.1-106 80000 100000 0.52945
Pdest_CA_v0.1-106 90000 110000 0.53445
Pdest_CA_v0.1-106 100000 119421 0.527676
Pdest_CA_v0.1-107 0 20000 0.52455
Pdest_CA_v0.1-107 10000 30000 0.51795
Pdest_CA_v0.1-107 20000 40000 0.5038
Pdest_CA_v0.1-107 30000 50000 0.5042
Pdest_CA_v0.1-107 40000 60000 0.51285
Pdest_CA_v0.1-107 50000 70000 0.49995
Pdest_CA_v0.1-107 60000 80000 0.48625
Pdest_CA_v0.1-107 70000 90000 0.494646
Pdest_CA_v0.1-107 80000 100000 0.500385
Pdest_CA_v0.1-107 100000 117070 0.392442
Pdest_CA_v0.1-108 0 20000 0.516517
Pdest_CA_v0.1-108 10000 30000 0.511562
Pdest_CA_v0.1-108 20000 40000 0.51805
Pdest_CA_v0.1-108 30000 50000 0.5175
Pdest_CA_v0.1-108 40000 60000 0.5153
Pdest_CA_v0.1-108 50000 70000 0.52695
Pdest_CA_v0.1-108 60000 80000 0.5198
Pdest_CA_v0.1-108 70000 90000 0.514
Pdest_CA_v0.1-108 80000 100000 0.52645
Pdest_CA_v0.1-108 90000 110000 0.5264
Pdest_CA_v0.1-108 100000 116997 0.522563
Pdest_CA_v0.1-109 0 20000 0.517
Pdest_CA_v0.1-109 10000 30000 0.51805
Pdest_CA_v0.1-109 20000 40000 0.5204
Pdest_CA_v0.1-109 30000 50000 0.51982
Pdest_CA_v0.1-109 40000 60000 0.527578
Pdest_CA_v0.1-109 50000 70000 0.53015
Pdest_CA_v0.1-109 60000 80000 0.515
Pdest_CA_v0.1-109 70000 90000 0.51425
Pdest_CA_v0.1-109 80000 100000 0.52035
Pdest_CA_v0.1-109 90000 110000 0.5173
Pdest_CA_v0.1-109 100000 115891 0.515847
Pdest_CA_v0.1-110 0 20000 0.49695
Pdest_CA_v0.1-110 10000 30000 0.5118
Pdest_CA_v0.1-110 20000 40000 0.52475
Pdest_CA_v0.1-110 30000 50000 0.516867
Pdest_CA_v0.1-110 40000 60000 0.515916
Pdest_CA_v0.1-110 50000 70000 0.5193
Pdest_CA_v0.1-110 60000 80000 0.5271
Pdest_CA_v0.1-110 70000 90000 0.517
Pdest_CA_v0.1-110 80000 100000 0.5075
Pdest_CA_v0.1-110 90000 110000 0.52035
Pdest_CA_v0.1-110 100000 110845 0.532411
Pdest_CA_v0.1-111 0 20000 0.50435
Pdest_CA_v0.1-111 10000 30000 0.50735
Pdest_CA_v0.1-111 20000 40000 0.518
Pdest_CA_v0.1-111 30000 50000 0.5333
Pdest_CA_v0.1-111 40000 60000 0.54385
Pdest_CA_v0.1-111 50000 70000 0.51925
Pdest_CA_v0.1-111 60000 80000 0.50255
Pdest_CA_v0.1-111 70000 90000 0.51755
Pdest_CA_v0.1-111 80000 100000 0.5287
Pdest_CA_v0.1-111 90000 108071 0.531349
Pdest_CA_v0.1-112 0 20000 0.5092
Pdest_CA_v0.1-112 10000 30000 0.52825
Pdest_CA_v0.1-112 20000 40000 0.5256
Pdest_CA_v0.1-112 30000 50000 0.523
Pdest_CA_v0.1-112 40000 60000 0.5259
Pdest_CA_v0.1-112 50000 70000 0.52325
Pdest_CA_v0.1-112 60000 80000 0.52375
Pdest_CA_v0.1-112 70000 90000 0.5208
Pdest_CA_v0.1-112 80000 100000 0.50005
Pdest_CA_v0.1-112 90000 106501 0.504878
Pdest_CA_v0.1-113 0 20000 0.495
Pdest_CA_v0.1-113 10000 30000 0.51155
Pdest_CA_v0.1-113 20000 40000 0.50935
Pdest_CA_v0.1-113 30000 50000 0.50025
Pdest_CA_v0.1-113 40000 60000 0.501502
Pdest_CA_v0.1-113 50000 70000 0.505956
Pdest_CA_v0.1-113 60000 80000 0.5115
Pdest_CA_v0.1-113 70000 90000 0.5213
Pdest_CA_v0.1-113 80000 100000 0.533
Pdest_CA_v0.1-113 90000 105301 0.529181
Pdest_CA_v0.1-114 0 20000 0.49365
Pdest_CA_v0.1-114 10000 30000 0.5107
Pdest_CA_v0.1-114 20000 40000 0.51865
Pdest_CA_v0.1-114 30000 50000 0.5197
Pdest_CA_v0.1-114 40000 60000 0.5193
Pdest_CA_v0.1-114 50000 70000 0.5172
Pdest_CA_v0.1-114 60000 80000 0.52415
Pdest_CA_v0.1-114 70000 90000 0.5298
Pdest_CA_v0.1-114 80000 100000 0.539028
Pdest_CA_v0.1-114 90000 104589 0.552615
Pdest_CA_v0.1-115 0 20000 0.49845
Pdest_CA_v0.1-115 10000 30000 0.5328
Pdest_CA_v0.1-115 20000 40000 0.5383
Pdest_CA_v0.1-115 30000 50000 0.5241
Pdest_CA_v0.1-115 40000 60000 0.52585
Pdest_CA_v0.1-115 50000 70000 0.52245
Pdest_CA_v0.1-115 60000 80000 0.5293
Pdest_CA_v0.1-115 70000 90000 0.53265
Pdest_CA_v0.1-115 80000 100000 0.52615
Pdest_CA_v0.1-115 90000 103527 0.522806
Pdest_CA_v0.1-116 0 20000 0.52095
Pdest_CA_v0.1-116 10000 30000 0.5275
Pdest_CA_v0.1-116 20000 40000 0.5318
Pdest_CA_v0.1-116 30000 50000 0.52415
Pdest_CA_v0.1-116 40000 60000 0.51995
Pdest_CA_v0.1-116 50000 70000 0.5242
Pdest_CA_v0.1-116 60000 80000 0.5304
Pdest_CA_v0.1-116 70000 90000 0.5054
Pdest_CA_v0.1-116 80000 100000 0.48405
Pdest_CA_v0.1-116 90000 102626 0.494377
Pdest_CA_v0.1-117 0 20000 0.5172
Pdest_CA_v0.1-117 10000 30000 0.5345
Pdest_CA_v0.1-117 20000 40000 0.5387
Pdest_CA_v0.1-117 30000 50000 0.53105
Pdest_CA_v0.1-117 40000 60000 0.51895
Pdest_CA_v0.1-117 50000 70000 0.51795
Pdest_CA_v0.1-117 60000 80000 0.52355
Pdest_CA_v0.1-117 70000 90000 0.51365
Pdest_CA_v0.1-117 80000 100000 0.51195
Pdest_CA_v0.1-117 90000 102532 0.507501
Pdest_CA_v0.1-118 0 20000 0.5111
Pdest_CA_v0.1-118 10000 30000 0.5088
Pdest_CA_v0.1-118 20000 40000 0.50545
Pdest_CA_v0.1-118 30000 50000 0.48865
Pdest_CA_v0.1-118 40000 60000 0.4794
Pdest_CA_v0.1-118 50000 70000 0.507608
Pdest_CA_v0.1-118 60000 80000 0.511461
Pdest_CA_v0.1-118 70000 90000 0.49595
Pdest_CA_v0.1-118 80000 100000 0.5028
Pdest_CA_v0.1-118 90000 102381 0.491237
Pdest_CA_v0.1-119 0 20000 0.49915
Pdest_CA_v0.1-119 10000 30000 0.5109
Pdest_CA_v0.1-119 20000 40000 0.5147
Pdest_CA_v0.1-119 30000 50000 0.493694
Pdest_CA_v0.1-119 40000 60000 0.473998
Pdest_CA_v0.1-119 50000 70000 0.482983
Pdest_CA_v0.1-119 60000 80000 0.5082
Pdest_CA_v0.1-119 70000 90000 0.5092
Pdest_CA_v0.1-119 80000 100000 0.5018
Pdest_CA_v0.1-119 90000 100681 0.503792
Pdest_CA_v0.1-120 0 20000 0.52475
Pdest_CA_v0.1-120 10000 30000 0.52785
Pdest_CA_v0.1-120 20000 40000 0.5204
Pdest_CA_v0.1-120 30000 50000 0.5375
Pdest_CA_v0.1-120 40000 60000 0.53665
Pdest_CA_v0.1-120 50000 70000 0.52355
Pdest_CA_v0.1-120 60000 80000 0.5286
Pdest_CA_v0.1-120 70000 90000 0.53745
Pdest_CA_v0.1-120 80000 100000 0.5319
Pdest_CA_v0.1-120 90000 100447 0.522925
Pdest_CA_v0.1-121 0 20000 0.5288
Pdest_CA_v0.1-121 10000 30000 0.5194
Pdest_CA_v0.1-121 20000 40000 0.51745
Pdest_CA_v0.1-121 30000 50000 0.5124
Pdest_CA_v0.1-121 40000 60000 0.52535
Pdest_CA_v0.1-121 50000 70000 0.52415
Pdest_CA_v0.1-121 60000 80000 0.5041
Pdest_CA_v0.1-121 70000 90000 0.4966
Pdest_CA_v0.1-121 80000 100000 0.50405
Pdest_CA_v0.1-121 90000 100253 0.520238
Pdest_CA_v0.1-122 0 20000 0.518919
Pdest_CA_v0.1-122 10000 30000 0.52325
Pdest_CA_v0.1-122 20000 40000 0.5271
Pdest_CA_v0.1-122 30000 50000 0.53305
Pdest_CA_v0.1-122 40000 60000 0.531281
Pdest_CA_v0.1-122 50000 70000 0.528078
Pdest_CA_v0.1-122 60000 80000 0.52315
Pdest_CA_v0.1-122 70000 90000 0.51945
Pdest_CA_v0.1-122 80000 99921 0.525325
Pdest_CA_v0.1-123 0 20000 0.5112
Pdest_CA_v0.1-123 10000 30000 0.5398
Pdest_CA_v0.1-123 20000 40000 0.54505
Pdest_CA_v0.1-123 30000 50000 0.56045
Pdest_CA_v0.1-123 40000 60000 0.5496
Pdest_CA_v0.1-123 50000 70000 0.5314
Pdest_CA_v0.1-123 60000 80000 0.523
Pdest_CA_v0.1-123 70000 90000 0.52125
Pdest_CA_v0.1-123 80000 99350 0.527855
Pdest_CA_v0.1-124 0 20000 0.49805
Pdest_CA_v0.1-124 10000 30000 0.51205
Pdest_CA_v0.1-124 20000 40000 0.5186
Pdest_CA_v0.1-124 30000 50000 0.52525
Pdest_CA_v0.1-124 40000 60000 0.52595
Pdest_CA_v0.1-124 50000 70000 0.51705
Pdest_CA_v0.1-124 60000 80000 0.5044
Pdest_CA_v0.1-124 70000 90000 0.49955
Pdest_CA_v0.1-124 80000 98038 0.512086
Pdest_CA_v0.1-125 0 20000 0.4616
Pdest_CA_v0.1-125 10000 30000 0.513
Pdest_CA_v0.1-125 20000 40000 0.51965
Pdest_CA_v0.1-125 30000 50000 0.51705
Pdest_CA_v0.1-125 40000 60000 0.4967
Pdest_CA_v0.1-125 50000 70000 0.49755
Pdest_CA_v0.1-125 60000 80000 0.5249
Pdest_CA_v0.1-125 70000 90000 0.5385
Pdest_CA_v0.1-125 80000 97395 0.542857
Pdest_CA_v0.1-126 0 20000 0.53015
Pdest_CA_v0.1-126 10000 30000 0.5164
Pdest_CA_v0.1-126 20000 40000 0.521171
Pdest_CA_v0.1-126 30000 50000 0.535972
Pdest_CA_v0.1-126 40000 60000 0.527828
Pdest_CA_v0.1-126 50000 70000 0.52195
Pdest_CA_v0.1-126 60000 80000 0.52375
Pdest_CA_v0.1-126 70000 90000 0.54165
Pdest_CA_v0.1-126 80000 97140 0.532205
Pdest_CA_v0.1-127 0 20000 0.51035
Pdest_CA_v0.1-127 10000 30000 0.51875
Pdest_CA_v0.1-127 20000 40000 0.52535
Pdest_CA_v0.1-127 30000 50000 0.51885
Pdest_CA_v0.1-127 40000 60000 0.52045
Pdest_CA_v0.1-127 50000 70000 0.51695
Pdest_CA_v0.1-127 60000 80000 0.5217
Pdest_CA_v0.1-127 70000 90000 0.52975
Pdest_CA_v0.1-127 80000 97101 0.510438
Pdest_CA_v0.1-128 0 20000 0.52645
Pdest_CA_v0.1-128 10000 30000 0.4968
Pdest_CA_v0.1-128 20000 40000 0.5032
Pdest_CA_v0.1-128 30000 50000 0.52295
Pdest_CA_v0.1-128 40000 60000 0.51395
Pdest_CA_v0.1-128 50000 70000 0.51085
Pdest_CA_v0.1-128 60000 80000 0.52155
Pdest_CA_v0.1-128 70000 90000 0.5193
Pdest_CA_v0.1-128 80000 96930 0.515062
Pdest_CA_v0.1-129 0 20000 0.52645
Pdest_CA_v0.1-129 10000 30000 0.53425
Pdest_CA_v0.1-129 20000 40000 0.52705
Pdest_CA_v0.1-129 30000 50000 0.51665
Pdest_CA_v0.1-129 40000 60000 0.5113
Pdest_CA_v0.1-129 50000 70000 0.5099
Pdest_CA_v0.1-129 60000 80000 0.5164
Pdest_CA_v0.1-129 70000 90000 0.50925
Pdest_CA_v0.1-129 80000 96112 0.50149
Pdest_CA_v0.1-130 0 20000 0.53295
Pdest_CA_v0.1-130 10000 30000 0.52165
Pdest_CA_v0.1-130 20000 40000 0.4986
Pdest_CA_v0.1-130 30000 50000 0.50175
Pdest_CA_v0.1-130 40000 60000 0.501
Pdest_CA_v0.1-130 50000 70000 0.50205
Pdest_CA_v0.1-130 60000 80000 0.5119
Pdest_CA_v0.1-130 70000 90000 0.50215
Pdest_CA_v0.1-130 80000 95026 0.492147
Pdest_CA_v0.1-131 0 20000 0.52255
Pdest_CA_v0.1-131 10000 30000 0.5193
Pdest_CA_v0.1-131 20000 40000 0.51635
Pdest_CA_v0.1-131 30000 50000 0.5104
Pdest_CA_v0.1-131 40000 60000 0.5104
Pdest_CA_v0.1-131 50000 70000 0.51925
Pdest_CA_v0.1-131 60000 80000 0.5195
Pdest_CA_v0.1-131 70000 90000 0.53015
Pdest_CA_v0.1-131 80000 94885 0.51824
Pdest_CA_v0.1-132 0 20000 0.4838
Pdest_CA_v0.1-132 10000 30000 0.4835
Pdest_CA_v0.1-132 20000 40000 0.5126
Pdest_CA_v0.1-132 30000 50000 0.52215
Pdest_CA_v0.1-132 40000 60000 0.51765
Pdest_CA_v0.1-132 50000 70000 0.49915
Pdest_CA_v0.1-132 60000 80000 0.5005
Pdest_CA_v0.1-132 70000 90000 0.516
Pdest_CA_v0.1-132 80000 92900 0.517984
Pdest_CA_v0.1-133 0 20000 0.50735
Pdest_CA_v0.1-133 10000 30000 0.5261
Pdest_CA_v0.1-133 20000 40000 0.51835
Pdest_CA_v0.1-133 30000 50000 0.51105
Pdest_CA_v0.1-133 40000 60000 0.495445
Pdest_CA_v0.1-133 50000 70000 0.508559
Pdest_CA_v0.1-133 60000 80000 0.52115
Pdest_CA_v0.1-133 70000 90000 0.5289
Pdest_CA_v0.1-133 80000 92776 0.53465
Pdest_CA_v0.1-134 0 20000 0.524274
Pdest_CA_v0.1-134 10000 30000 0.52285
Pdest_CA_v0.1-134 20000 40000 0.52685
Pdest_CA_v0.1-134 30000 50000 0.536386
Pdest_CA_v0.1-134 40000 60000 0.534334
Pdest_CA_v0.1-134 50000 70000 0.53145
Pdest_CA_v0.1-134 60000 80000 0.51725
Pdest_CA_v0.1-134 70000 90000 0.508503
Pdest_CA_v0.1-134 80000 91730 0.513786
Pdest_CA_v0.1-135 0 20000 0.5129
Pdest_CA_v0.1-135 10000 30000 0.51975
Pdest_CA_v0.1-135 20000 40000 0.51455
Pdest_CA_v0.1-135 30000 50000 0.51755
Pdest_CA_v0.1-135 40000 60000 0.5152
Pdest_CA_v0.1-135 50000 70000 0.5249
Pdest_CA_v0.1-135 60000 80000 0.5269
Pdest_CA_v0.1-135 70000 90000 0.5131
Pdest_CA_v0.1-135 80000 91367 0.506994
Pdest_CA_v0.1-136 0 20000 0.508
Pdest_CA_v0.1-136 10000 30000 0.51365
Pdest_CA_v0.1-136 20000 40000 0.5185
Pdest_CA_v0.1-136 30000 50000 0.5254
Pdest_CA_v0.1-136 40000 60000 0.5152
Pdest_CA_v0.1-136 50000 70000 0.5144
Pdest_CA_v0.1-136 60000 80000 0.52125
Pdest_CA_v0.1-136 70000 89794 0.508487
Pdest_CA_v0.1-137 0 20000 0.5234
Pdest_CA_v0.1-137 10000 30000 0.526
Pdest_CA_v0.1-137 20000 40000 0.5218
Pdest_CA_v0.1-137 30000 50000 0.5164
Pdest_CA_v0.1-137 40000 60000 0.5181
Pdest_CA_v0.1-137 50000 70000 0.52475
Pdest_CA_v0.1-137 60000 80000 0.53115
Pdest_CA_v0.1-137 70000 88461 0.530686
Pdest_CA_v0.1-138 0 20000 0.50995
Pdest_CA_v0.1-138 10000 30000 0.5287
Pdest_CA_v0.1-138 20000 40000 0.53695
Pdest_CA_v0.1-138 30000 50000 0.54535
Pdest_CA_v0.1-138 40000 60000 0.5315
Pdest_CA_v0.1-138 50000 70000 0.52375
Pdest_CA_v0.1-138 60000 80000 0.5421
Pdest_CA_v0.1-138 70000 87660 0.519026
Pdest_CA_v0.1-139 0 20000 0.50995
Pdest_CA_v0.1-139 10000 30000 0.4865
Pdest_CA_v0.1-139 20000 40000 0.491
Pdest_CA_v0.1-139 30000 50000 0.50965
Pdest_CA_v0.1-139 40000 60000 0.5109
Pdest_CA_v0.1-139 50000 70000 0.50985
Pdest_CA_v0.1-139 60000 80000 0.52435
Pdest_CA_v0.1-139 70000 86865 0.530092
Pdest_CA_v0.1-140 0 20000 0.5123
Pdest_CA_v0.1-140 10000 30000 0.53355
Pdest_CA_v0.1-140 20000 40000 0.534
Pdest_CA_v0.1-140 30000 50000 0.5256
Pdest_CA_v0.1-140 40000 60000 0.5277
Pdest_CA_v0.1-140 50000 70000 0.53225
Pdest_CA_v0.1-140 60000 80000 0.5422
Pdest_CA_v0.1-140 70000 86116 0.539588
Pdest_CA_v0.1-141 0 20000 0.49825
Pdest_CA_v0.1-141 10000 30000 0.48815
Pdest_CA_v0.1-141 20000 40000 0.504
Pdest_CA_v0.1-141 30000 50000 0.5207
Pdest_CA_v0.1-141 40000 60000 0.5098
Pdest_CA_v0.1-141 50000 70000 0.52135
Pdest_CA_v0.1-141 60000 80000 0.52545
Pdest_CA_v0.1-141 70000 84524 0.514115
Pdest_CA_v0.1-142 0 20000 0.525576
Pdest_CA_v0.1-142 10000 30000 0.527277
Pdest_CA_v0.1-142 20000 40000 0.5273
Pdest_CA_v0.1-142 30000 50000 0.53005
Pdest_CA_v0.1-142 40000 60000 0.5331
Pdest_CA_v0.1-142 50000 70000 0.53035
Pdest_CA_v0.1-142 60000 80000 0.51735
Pdest_CA_v0.1-142 70000 83858 0.522514
Pdest_CA_v0.1-143 0 20000 0.536
Pdest_CA_v0.1-143 10000 30000 0.52765
Pdest_CA_v0.1-143 20000 40000 0.5098
Pdest_CA_v0.1-143 30000 50000 0.504755
Pdest_CA_v0.1-143 40000 60000 0.50682
Pdest_CA_v0.1-143 50000 70000 0.501854
Pdest_CA_v0.1-143 60000 80000 0.5029
Pdest_CA_v0.1-143 70000 82092 0.511413
Pdest_CA_v0.1-144 0 20000 0.5103
Pdest_CA_v0.1-144 10000 30000 0.5244
Pdest_CA_v0.1-144 20000 40000 0.53285
Pdest_CA_v0.1-144 30000 50000 0.5233
Pdest_CA_v0.1-144 40000 60000 0.51855
Pdest_CA_v0.1-144 50000 70000 0.51985
Pdest_CA_v0.1-144 60000 80000 0.50825
Pdest_CA_v0.1-144 70000 81165 0.486789
Pdest_CA_v0.1-145 0 20000 0.5175
Pdest_CA_v0.1-145 10000 30000 0.53915
Pdest_CA_v0.1-145 20000 40000 0.53865
Pdest_CA_v0.1-145 30000 50000 0.52545
Pdest_CA_v0.1-145 40000 60000 0.5173
Pdest_CA_v0.1-145 50000 70000 0.5132
Pdest_CA_v0.1-145 60000 79722 0.512169
Pdest_CA_v0.1-146 0 20000 0.53225
Pdest_CA_v0.1-146 10000 30000 0.5246
Pdest_CA_v0.1-146 20000 40000 0.53505
Pdest_CA_v0.1-146 30000 50000 0.5347
Pdest_CA_v0.1-146 40000 60000 0.52695
Pdest_CA_v0.1-146 50000 70000 0.524525
Pdest_CA_v0.1-146 60000 79381 0.521771
Pdest_CA_v0.1-147 0 20000 0.5082
Pdest_CA_v0.1-147 10000 30000 0.5163
Pdest_CA_v0.1-147 20000 40000 0.5245
Pdest_CA_v0.1-147 30000 50000 0.514
Pdest_CA_v0.1-147 40000 60000 0.50625
Pdest_CA_v0.1-147 50000 70000 0.507257
Pdest_CA_v0.1-147 60000 78156 0.51202
Pdest_CA_v0.1-148 0 20000 0.51815
Pdest_CA_v0.1-148 10000 30000 0.51575
Pdest_CA_v0.1-148 20000 40000 0.51355
Pdest_CA_v0.1-148 30000 50000 0.5174
Pdest_CA_v0.1-148 40000 60000 0.52195
Pdest_CA_v0.1-148 50000 70000 0.5261
Pdest_CA_v0.1-148 60000 77277 0.507901
Pdest_CA_v0.1-149 0 20000 0.5376
Pdest_CA_v0.1-149 10000 30000 0.5236
Pdest_CA_v0.1-149 20000 40000 0.50105
Pdest_CA_v0.1-149 30000 50000 0.5011
Pdest_CA_v0.1-149 40000 60000 0.50685
Pdest_CA_v0.1-149 50000 70000 0.521
Pdest_CA_v0.1-149 60000 76884 0.544717
Pdest_CA_v0.1-150 0 20000 0.50991
Pdest_CA_v0.1-150 10000 30000 0.512012
Pdest_CA_v0.1-150 20000 40000 0.5092
Pdest_CA_v0.1-150 30000 50000 0.51705
Pdest_CA_v0.1-150 40000 60000 0.51155
Pdest_CA_v0.1-150 50000 70000 0.50685
Pdest_CA_v0.1-150 60000 76128 0.499628
Pdest_CA_v0.1-151 0 20000 0.5048
Pdest_CA_v0.1-151 10000 30000 0.5093
Pdest_CA_v0.1-151 20000 40000 0.52725
Pdest_CA_v0.1-151 30000 50000 0.5009
Pdest_CA_v0.1-151 40000 60000 0.48025
Pdest_CA_v0.1-151 50000 70000 0.49865
Pdest_CA_v0.1-151 60000 76056 0.516131
Pdest_CA_v0.1-152 0 20000 0.52047
Pdest_CA_v0.1-152 10000 30000 0.5404
Pdest_CA_v0.1-152 20000 40000 0.5299
Pdest_CA_v0.1-152 30000 50000 0.52385
Pdest_CA_v0.1-152 40000 60000 0.53115
Pdest_CA_v0.1-152 50000 70000 0.5301
Pdest_CA_v0.1-152 60000 73906 0.541493
Pdest_CA_v0.1-153 0 20000 0.518
Pdest_CA_v0.1-153 10000 30000 0.50195
Pdest_CA_v0.1-153 20000 40000 0.51355
Pdest_CA_v0.1-153 30000 50000 0.51915
Pdest_CA_v0.1-153 40000 60000 0.52175
Pdest_CA_v0.1-153 50000 70000 0.52475
Pdest_CA_v0.1-153 60000 73699 0.526535
Pdest_CA_v0.1-154 0 20000 0.5235
Pdest_CA_v0.1-154 10000 30000 0.503854
Pdest_CA_v0.1-154 20000 40000 0.512763
Pdest_CA_v0.1-154 30000 50000 0.52165
Pdest_CA_v0.1-154 40000 60000 0.51505
Pdest_CA_v0.1-154 50000 70000 0.5144
Pdest_CA_v0.1-154 60000 73038 0.509281
Pdest_CA_v0.1-155 0 20000 0.4722
Pdest_CA_v0.1-155 10000 30000 0.49135
Pdest_CA_v0.1-155 20000 40000 0.51695
Pdest_CA_v0.1-155 30000 50000 0.528629
Pdest_CA_v0.1-155 40000 60000 0.518569
Pdest_CA_v0.1-155 50000 70000 0.50295
Pdest_CA_v0.1-155 60000 72412 0.495891
Pdest_CA_v0.1-156 0 20000 0.5037
Pdest_CA_v0.1-156 10000 30000 0.52155
Pdest_CA_v0.1-156 20000 40000 0.52545
Pdest_CA_v0.1-156 30000 50000 0.5229
Pdest_CA_v0.1-156 40000 60000 0.50795
Pdest_CA_v0.1-156 50000 70000 0.50525
Pdest_CA_v0.1-156 60000 71665 0.515474
Pdest_CA_v0.1-157 0 20000 0.52445
Pdest_CA_v0.1-157 10000 30000 0.5236
Pdest_CA_v0.1-157 20000 40000 0.52505
Pdest_CA_v0.1-157 30000 50000 0.52695
Pdest_CA_v0.1-157 40000 60000 0.52675
Pdest_CA_v0.1-157 50000 70000 0.5311
Pdest_CA_v0.1-157 60000 71124 0.529755
Pdest_CA_v0.1-158 0 20000 0.50835
Pdest_CA_v0.1-158 10000 30000 0.52085
Pdest_CA_v0.1-158 20000 40000 0.52425
Pdest_CA_v0.1-158 30000 50000 0.52365
Pdest_CA_v0.1-158 40000 60000 0.54555
Pdest_CA_v0.1-158 50000 70000 0.54315
Pdest_CA_v0.1-158 60000 70399 0.53159
Pdest_CA_v0.1-159 0 20000 0.5112
Pdest_CA_v0.1-159 10000 30000 0.50915
Pdest_CA_v0.1-159 20000 40000 0.52515
Pdest_CA_v0.1-159 30000 50000 0.5358
Pdest_CA_v0.1-159 40000 60000 0.52535
Pdest_CA_v0.1-159 50000 69614 0.51917
Pdest_CA_v0.1-160 0 20000 0.4904
Pdest_CA_v0.1-160 10000 30000 0.49705
Pdest_CA_v0.1-160 20000 40000 0.5112
Pdest_CA_v0.1-160 30000 50000 0.5236
Pdest_CA_v0.1-160 40000 60000 0.5187
Pdest_CA_v0.1-160 50000 68839 0.500451
Pdest_CA_v0.1-161 0 20000 0.50335
Pdest_CA_v0.1-161 10000 30000 0.50575
Pdest_CA_v0.1-161 20000 40000 0.5137
Pdest_CA_v0.1-161 30000 50000 0.51355
Pdest_CA_v0.1-161 40000 60000 0.5338
Pdest_CA_v0.1-161 50000 68034 0.549518
Pdest_CA_v0.1-162 0 20000 0.5076
Pdest_CA_v0.1-162 10000 30000 0.5166
Pdest_CA_v0.1-162 20000 40000 0.53295
Pdest_CA_v0.1-162 30000 50000 0.52935
Pdest_CA_v0.1-162 40000 60000 0.52195
Pdest_CA_v0.1-162 50000 67149 0.516182
Pdest_CA_v0.1-163 0 20000 0.522422
Pdest_CA_v0.1-163 10000 30000 0.531381
Pdest_CA_v0.1-163 20000 40000 0.51865
Pdest_CA_v0.1-163 30000 50000 0.5276
Pdest_CA_v0.1-163 40000 60000 0.52995
Pdest_CA_v0.1-163 50000 66636 0.526449
Pdest_CA_v0.1-164 0 20000 0.50825
Pdest_CA_v0.1-164 10000 30000 0.5269
Pdest_CA_v0.1-164 20000 40000 0.5078
Pdest_CA_v0.1-164 30000 50000 0.509
Pdest_CA_v0.1-164 40000 60000 0.50745
Pdest_CA_v0.1-164 50000 66316 0.485597
Pdest_CA_v0.1-165 0 20000 0.51425
Pdest_CA_v0.1-165 10000 30000 0.51795
Pdest_CA_v0.1-165 20000 40000 0.51795
Pdest_CA_v0.1-165 30000 50000 0.52125
Pdest_CA_v0.1-165 40000 60000 0.51365
Pdest_CA_v0.1-165 50000 66206 0.506602
Pdest_CA_v0.1-166 0 20000 0.5033
Pdest_CA_v0.1-166 10000 30000 0.49935
Pdest_CA_v0.1-166 20000 40000 0.5267
Pdest_CA_v0.1-166 30000 50000 0.52525
Pdest_CA_v0.1-166 40000 60000 0.51455
Pdest_CA_v0.1-166 50000 65642 0.515279
Pdest_CA_v0.1-167 0 20000 0.5274
Pdest_CA_v0.1-167 10000 30000 0.5312
Pdest_CA_v0.1-167 20000 40000 0.5229
Pdest_CA_v0.1-167 30000 50000 0.524
Pdest_CA_v0.1-167 40000 60000 0.52555
Pdest_CA_v0.1-167 50000 65629 0.503295
Pdest_CA_v0.1-168 0 20000 0.52535
Pdest_CA_v0.1-168 10000 30000 0.5333
Pdest_CA_v0.1-168 20000 40000 0.52695
Pdest_CA_v0.1-168 30000 50000 0.5132
Pdest_CA_v0.1-168 40000 60000 0.5119
Pdest_CA_v0.1-168 50000 64845 0.515258
Pdest_CA_v0.1-169 0 20000 0.51035
Pdest_CA_v0.1-169 10000 30000 0.50835
Pdest_CA_v0.1-169 20000 40000 0.5091
Pdest_CA_v0.1-169 30000 50000 0.51095
Pdest_CA_v0.1-169 40000 60000 0.52075
Pdest_CA_v0.1-169 50000 64567 0.524199
Pdest_CA_v0.1-170 0 20000 0.52915
Pdest_CA_v0.1-170 10000 30000 0.514
Pdest_CA_v0.1-170 20000 40000 0.5139
Pdest_CA_v0.1-170 30000 50000 0.52205
Pdest_CA_v0.1-170 40000 60000 0.51325
Pdest_CA_v0.1-170 50000 64470 0.507602
Pdest_CA_v0.1-171 0 20000 0.53885
Pdest_CA_v0.1-171 10000 30000 0.5326
Pdest_CA_v0.1-171 20000 40000 0.52165
Pdest_CA_v0.1-171 30000 50000 0.5013
Pdest_CA_v0.1-171 40000 60000 0.50765
Pdest_CA_v0.1-171 50000 64297 0.520389
Pdest_CA_v0.1-172 0 20000 0.49755
Pdest_CA_v0.1-172 10000 30000 0.49365
Pdest_CA_v0.1-172 20000 40000 0.4944
Pdest_CA_v0.1-172 30000 50000 0.51125
Pdest_CA_v0.1-172 40000 60000 0.5127
Pdest_CA_v0.1-172 50000 64104 0.505672
Pdest_CA_v0.1-173 0 20000 0.52715
Pdest_CA_v0.1-173 10000 30000 0.524675
Pdest_CA_v0.1-173 20000 40000 0.526276
Pdest_CA_v0.1-173 30000 50000 0.54305
Pdest_CA_v0.1-173 40000 60000 0.53695
Pdest_CA_v0.1-173 50000 63582 0.521867
Pdest_CA_v0.1-174 0 20000 0.5363
Pdest_CA_v0.1-174 10000 30000 0.5196
Pdest_CA_v0.1-174 20000 40000 0.5024
Pdest_CA_v0.1-174 30000 50000 0.51185
Pdest_CA_v0.1-174 40000 60000 0.5392
Pdest_CA_v0.1-174 50000 62828 0.54459
Pdest_CA_v0.1-175 0 20000 0.50405
Pdest_CA_v0.1-175 10000 30000 0.5117
Pdest_CA_v0.1-175 20000 40000 0.51785
Pdest_CA_v0.1-175 30000 50000 0.5077
Pdest_CA_v0.1-175 40000 60000 0.516867
Pdest_CA_v0.1-175 50000 62576 0.523813
Pdest_CA_v0.1-176 0 20000 0.5012
Pdest_CA_v0.1-176 10000 30000 0.51015
Pdest_CA_v0.1-176 20000 40000 0.5215
Pdest_CA_v0.1-176 30000 50000 0.5096
Pdest_CA_v0.1-176 40000 60000 0.5013
Pdest_CA_v0.1-176 50000 62543 0.500359
Pdest_CA_v0.1-177 0 20000 0.52305
Pdest_CA_v0.1-177 10000 30000 0.5142
Pdest_CA_v0.1-177 20000 40000 0.514
Pdest_CA_v0.1-177 30000 50000 0.51855
Pdest_CA_v0.1-177 40000 60000 0.51485
Pdest_CA_v0.1-177 50000 61556 0.512548
Pdest_CA_v0.1-178 0 20000 0.5339
Pdest_CA_v0.1-178 10000 30000 0.5423
Pdest_CA_v0.1-178 20000 40000 0.53305
Pdest_CA_v0.1-178 30000 50000 0.51475
Pdest_CA_v0.1-178 40000 60000 0.5144
Pdest_CA_v0.1-178 50000 61439 0.528892
Pdest_CA_v0.1-179 0 20000 0.5106
Pdest_CA_v0.1-179 10000 30000 0.5061
Pdest_CA_v0.1-179 20000 40000 0.49
Pdest_CA_v0.1-179 30000 50000 0.51005
Pdest_CA_v0.1-179 40000 60000 0.51945
Pdest_CA_v0.1-179 50000 61360 0.499824
Pdest_CA_v0.1-180 0 20000 0.52985
Pdest_CA_v0.1-180 10000 30000 0.5146
Pdest_CA_v0.1-180 20000 40000 0.51635
Pdest_CA_v0.1-180 30000 50000 0.51915
Pdest_CA_v0.1-180 40000 60000 0.526376
Pdest_CA_v0.1-180 50000 60678 0.538
Pdest_CA_v0.1-181 0 20000 0.51835
Pdest_CA_v0.1-181 10000 30000 0.512
Pdest_CA_v0.1-181 20000 40000 0.5112
Pdest_CA_v0.1-181 30000 50000 0.5196
Pdest_CA_v0.1-181 40000 59970 0.527742
Pdest_CA_v0.1-182 0 20000 0.5296
Pdest_CA_v0.1-182 10000 30000 0.5305
Pdest_CA_v0.1-182 20000 40000 0.51775
Pdest_CA_v0.1-182 30000 50000 0.50645
Pdest_CA_v0.1-182 40000 59148 0.50987
Pdest_CA_v0.1-183 0 20000 0.5168
Pdest_CA_v0.1-183 10000 30000 0.5213
Pdest_CA_v0.1-183 20000 40000 0.51285
Pdest_CA_v0.1-183 30000 50000 0.49725
Pdest_CA_v0.1-183 40000 58992 0.513479
Pdest_CA_v0.1-184 0 20000 0.52515
Pdest_CA_v0.1-184 10000 30000 0.5251
Pdest_CA_v0.1-184 20000 40000 0.51715
Pdest_CA_v0.1-184 30000 50000 0.51725
Pdest_CA_v0.1-184 40000 58927 0.513129
Pdest_CA_v0.1-185 0 20000 0.4967
Pdest_CA_v0.1-185 10000 30000 0.497896
Pdest_CA_v0.1-185 20000 40000 0.499299
Pdest_CA_v0.1-185 30000 50000 0.5145
Pdest_CA_v0.1-185 40000 58774 0.522425
Pdest_CA_v0.1-186 0 20000 0.5216
Pdest_CA_v0.1-186 10000 30000 0.52875
Pdest_CA_v0.1-186 20000 40000 0.5254
Pdest_CA_v0.1-186 30000 50000 0.5133
Pdest_CA_v0.1-186 40000 58360 0.516394
Pdest_CA_v0.1-187 0 20000 0.50725
Pdest_CA_v0.1-187 10000 30000 0.522
Pdest_CA_v0.1-187 20000 40000 0.5245
Pdest_CA_v0.1-187 30000 50000 0.5118
Pdest_CA_v0.1-187 40000 55652 0.515589
Pdest_CA_v0.1-188 0 20000 0.5317
Pdest_CA_v0.1-188 10000 30000 0.5287
Pdest_CA_v0.1-188 20000 40000 0.5212
Pdest_CA_v0.1-188 30000 50000 0.5135
Pdest_CA_v0.1-188 40000 55604 0.497116
Pdest_CA_v0.1-189 0 20000 0.5151
Pdest_CA_v0.1-189 10000 30000 0.50765
Pdest_CA_v0.1-189 20000 40000 0.50865
Pdest_CA_v0.1-189 30000 50000 0.5064
Pdest_CA_v0.1-189 40000 54654 0.505459
Pdest_CA_v0.1-190 0 20000 0.5023
Pdest_CA_v0.1-190 10000 30000 0.50105
Pdest_CA_v0.1-190 20000 40000 0.51545
Pdest_CA_v0.1-190 30000 50000 0.5144
Pdest_CA_v0.1-190 40000 54295 0.50696
Pdest_CA_v0.1-191 0 20000 0.5212
Pdest_CA_v0.1-191 10000 30000 0.5173
Pdest_CA_v0.1-191 20000 40000 0.50495
Pdest_CA_v0.1-191 30000 50000 0.4965
Pdest_CA_v0.1-191 40000 54131 0.516241
Pdest_CA_v0.1-192 0 20000 0.507
Pdest_CA_v0.1-192 10000 30000 0.5164
Pdest_CA_v0.1-192 20000 40000 0.52175
Pdest_CA_v0.1-192 30000 50000 0.51525
Pdest_CA_v0.1-192 40000 54090 0.509794
Pdest_CA_v0.1-193 0 20000 0.5037
Pdest_CA_v0.1-193 10000 30000 0.50725
Pdest_CA_v0.1-193 20000 40000 0.50925
Pdest_CA_v0.1-193 30000 50000 0.51665
Pdest_CA_v0.1-193 40000 54000 0.511214
Pdest_CA_v0.1-194 0 20000 0.5039
Pdest_CA_v0.1-194 10000 30000 0.5148
Pdest_CA_v0.1-194 20000 40000 0.5263
Pdest_CA_v0.1-194 30000 50000 0.5096
Pdest_CA_v0.1-194 40000 52471 0.507818
Pdest_CA_v0.1-195 0 20000 0.50685
Pdest_CA_v0.1-195 10000 30000 0.5142
Pdest_CA_v0.1-195 20000 40000 0.514014
Pdest_CA_v0.1-195 30000 50000 0.496196
Pdest_CA_v0.1-195 40000 52142 0.496129
Pdest_CA_v0.1-196 0 20000 0.5015
Pdest_CA_v0.1-196 10000 30000 0.51125
Pdest_CA_v0.1-196 20000 40000 0.5075
Pdest_CA_v0.1-196 30000 50000 0.50145
Pdest_CA_v0.1-196 40000 51866 0.507079
Pdest_CA_v0.1-197 0 20000 0.52955
Pdest_CA_v0.1-197 10000 30000 0.5247
Pdest_CA_v0.1-197 20000 40000 0.5255
Pdest_CA_v0.1-197 30000 50000 0.517267
Pdest_CA_v0.1-197 40000 51384 0.507128
Pdest_CA_v0.1-198 0 20000 0.50925
Pdest_CA_v0.1-198 10000 30000 0.5059
Pdest_CA_v0.1-198 20000 40000 0.51325
Pdest_CA_v0.1-198 30000 50000 0.5008
Pdest_CA_v0.1-198 40000 51340 0.503263
Pdest_CA_v0.1-819 0 20000 0.5349
Pdest_CA_v0.1-819 10000 30000 0.53885
Pdest_CA_v0.1-819 20000 40000 0.5206
Pdest_CA_v0.1-819 30000 50000 0.51795
Pdest_CA_v0.1-819 40000 60000 0.53105
Pdest_CA_v0.1-819 50000 70000 0.54635
Pdest_CA_v0.1-819 60000 80000 0.55465
Pdest_CA_v0.1-819 70000 90000 0.55035
Pdest_CA_v0.1-819 80000 100000 0.532633
Pdest_CA_v0.1-819 90000 110000 0.51345
Pdest_CA_v0.1-819 100000 120000 0.5097
Pdest_CA_v0.1-819 110000 130000 0.50775
Pdest_CA_v0.1-819 120000 140000 0.5112
Pdest_CA_v0.1-819 130000 144210 0.508374
Pdest_CA_v0.1-820 0 20000 0.529329
Pdest_CA_v0.1-820 10000 30000 0.546396
Pdest_CA_v0.1-820 20000 40000 0.52295
Pdest_CA_v0.1-820 30000 50000 0.5175
Pdest_CA_v0.1-820 40000 60000 0.52055
Pdest_CA_v0.1-820 50000 70000 0.5388
Pdest_CA_v0.1-820 60000 80000 0.54075
Pdest_CA_v0.1-820 70000 90000 0.52775
Pdest_CA_v0.1-820 80000 100000 0.5225
Pdest_CA_v0.1-820 90000 110000 0.52815
Pdest_CA_v0.1-820 100000 120000 0.54045
Pdest_CA_v0.1-820 110000 130000 0.53235
Pdest_CA_v0.1-820 120000 132462 0.515407
Pdest_CA_v0.1-821 0 20000 0.50635
Pdest_CA_v0.1-821 10000 30000 0.51715
Pdest_CA_v0.1-821 20000 40000 0.5178
Pdest_CA_v0.1-821 30000 50000 0.50275
Pdest_CA_v0.1-821 40000 60000 0.49345
Pdest_CA_v0.1-821 50000 70000 0.50985
Pdest_CA_v0.1-821 60000 80000 0.51425
Pdest_CA_v0.1-821 70000 90000 0.5061
Pdest_CA_v0.1-821 80000 96991 0.501677
Pdest_CA_v0.1-822 0 20000 0.53145
Pdest_CA_v0.1-822 10000 30000 0.5231
Pdest_CA_v0.1-822 20000 40000 0.52425
Pdest_CA_v0.1-822 30000 50000 0.5345
Pdest_CA_v0.1-822 40000 60000 0.5264
Pdest_CA_v0.1-822 50000 70000 0.51685
Pdest_CA_v0.1-822 60000 78889 0.518132
Pdest_CA_v0.1-823 0 20000 0.5251
Pdest_CA_v0.1-823 10000 30000 0.5156
Pdest_CA_v0.1-823 20000 40000 0.50205
Pdest_CA_v0.1-823 30000 50000 0.5156
Pdest_CA_v0.1-823 40000 51202 0.525174
