Pdest_CA_v0.1-1	0	20000	5
Pdest_CA_v0.1-1	10000	30000	5
Pdest_CA_v0.1-1	20000	40000	5
Pdest_CA_v0.1-1	30000	50000	9
Pdest_CA_v0.1-1	40000	60000	9
Pdest_CA_v0.1-1	50000	70000	10
Pdest_CA_v0.1-1	60000	80000	10
Pdest_CA_v0.1-1	70000	90000	9
Pdest_CA_v0.1-1	80000	100000	7
Pdest_CA_v0.1-1	90000	110000	6
Pdest_CA_v0.1-1	100000	120000	3
Pdest_CA_v0.1-1	110000	130000	6
Pdest_CA_v0.1-1	120000	140000	9
Pdest_CA_v0.1-1	130000	150000	8
Pdest_CA_v0.1-1	140000	160000	6
Pdest_CA_v0.1-1	150000	170000	6
Pdest_CA_v0.1-1	160000	180000	7
Pdest_CA_v0.1-1	170000	190000	10
Pdest_CA_v0.1-1	180000	200000	10
Pdest_CA_v0.1-1	190000	210000	11
Pdest_CA_v0.1-1	200000	220000	9
Pdest_CA_v0.1-1	210000	230000	5
Pdest_CA_v0.1-1	220000	240000	7
Pdest_CA_v0.1-1	230000	250000	11
Pdest_CA_v0.1-1	240000	260000	10
Pdest_CA_v0.1-1	250000	270000	9
Pdest_CA_v0.1-1	260000	280000	10
Pdest_CA_v0.1-1	270000	290000	7
Pdest_CA_v0.1-1	280000	300000	9
Pdest_CA_v0.1-1	290000	310000	7
Pdest_CA_v0.1-1	300000	320000	7
Pdest_CA_v0.1-1	310000	330000	10
Pdest_CA_v0.1-1	320000	340000	8
Pdest_CA_v0.1-1	330000	347891	5
Pdest_CA_v0.1-2	0	20000	6
Pdest_CA_v0.1-2	10000	30000	3
Pdest_CA_v0.1-2	20000	40000	2
Pdest_CA_v0.1-2	30000	50000	5
Pdest_CA_v0.1-2	40000	60000	6
Pdest_CA_v0.1-2	50000	70000	7
Pdest_CA_v0.1-2	60000	80000	9
Pdest_CA_v0.1-2	70000	90000	7
Pdest_CA_v0.1-2	80000	100000	6
Pdest_CA_v0.1-2	90000	110000	11
Pdest_CA_v0.1-2	100000	120000	14
Pdest_CA_v0.1-2	110000	130000	10
Pdest_CA_v0.1-2	120000	140000	6
Pdest_CA_v0.1-2	130000	150000	8
Pdest_CA_v0.1-2	140000	160000	13
Pdest_CA_v0.1-2	150000	170000	8
Pdest_CA_v0.1-2	160000	180000	5
Pdest_CA_v0.1-2	170000	190000	6
Pdest_CA_v0.1-2	180000	200000	2
Pdest_CA_v0.1-2	190000	210000	3
Pdest_CA_v0.1-2	200000	220000	6
Pdest_CA_v0.1-2	210000	230000	8
Pdest_CA_v0.1-2	220000	240000	9
Pdest_CA_v0.1-2	230000	250000	13
Pdest_CA_v0.1-2	240000	260000	9
Pdest_CA_v0.1-2	250000	270000	8
Pdest_CA_v0.1-2	260000	280000	7
Pdest_CA_v0.1-2	270000	290000	4
Pdest_CA_v0.1-2	280000	300000	4
Pdest_CA_v0.1-2	290000	310000	4
Pdest_CA_v0.1-2	300000	320000	8
Pdest_CA_v0.1-2	310000	325622	6
Pdest_CA_v0.1-3	0	20000	7
Pdest_CA_v0.1-3	10000	30000	6
Pdest_CA_v0.1-3	20000	40000	4
Pdest_CA_v0.1-3	30000	50000	9
Pdest_CA_v0.1-3	40000	60000	9
Pdest_CA_v0.1-3	50000	70000	5
Pdest_CA_v0.1-3	60000	80000	4
Pdest_CA_v0.1-3	70000	90000	9
Pdest_CA_v0.1-3	80000	100000	12
Pdest_CA_v0.1-3	90000	110000	12
Pdest_CA_v0.1-3	100000	120000	9
Pdest_CA_v0.1-3	110000	130000	10
Pdest_CA_v0.1-3	120000	140000	11
Pdest_CA_v0.1-3	130000	150000	7
Pdest_CA_v0.1-3	140000	160000	6
Pdest_CA_v0.1-3	150000	170000	9
Pdest_CA_v0.1-3	160000	180000	10
Pdest_CA_v0.1-3	170000	190000	8
Pdest_CA_v0.1-3	180000	200000	8
Pdest_CA_v0.1-3	190000	210000	4
Pdest_CA_v0.1-3	200000	220000	8
Pdest_CA_v0.1-3	210000	230000	12
Pdest_CA_v0.1-3	220000	240000	9
Pdest_CA_v0.1-3	230000	250000	6
Pdest_CA_v0.1-3	240000	260000	5
Pdest_CA_v0.1-3	250000	270000	9
Pdest_CA_v0.1-3	260000	280000	11
Pdest_CA_v0.1-3	270000	290000	10
Pdest_CA_v0.1-3	280000	300000	6
Pdest_CA_v0.1-3	290000	300341	5
Pdest_CA_v0.1-4	0	20000	7
Pdest_CA_v0.1-4	10000	30000	5
Pdest_CA_v0.1-4	20000	40000	7
Pdest_CA_v0.1-4	30000	50000	8
Pdest_CA_v0.1-4	40000	60000	9
Pdest_CA_v0.1-4	50000	70000	12
Pdest_CA_v0.1-4	60000	80000	12
Pdest_CA_v0.1-4	70000	90000	9
Pdest_CA_v0.1-4	80000	100000	10
Pdest_CA_v0.1-4	90000	110000	11
Pdest_CA_v0.1-4	100000	120000	9
Pdest_CA_v0.1-4	110000	130000	8
Pdest_CA_v0.1-4	120000	140000	8
Pdest_CA_v0.1-4	130000	150000	10
Pdest_CA_v0.1-4	140000	160000	10
Pdest_CA_v0.1-4	150000	170000	10
Pdest_CA_v0.1-4	160000	180000	7
Pdest_CA_v0.1-4	170000	190000	3
Pdest_CA_v0.1-4	180000	200000	3
Pdest_CA_v0.1-4	190000	210000	8
Pdest_CA_v0.1-4	200000	220000	11
Pdest_CA_v0.1-4	210000	230000	9
Pdest_CA_v0.1-4	220000	240000	7
Pdest_CA_v0.1-4	230000	250000	4
Pdest_CA_v0.1-4	240000	260000	6
Pdest_CA_v0.1-4	250000	270000	5
Pdest_CA_v0.1-4	260000	280000	6
Pdest_CA_v0.1-4	270000	290000	10
Pdest_CA_v0.1-4	280000	298309	5
Pdest_CA_v0.1-5	0	20000	9
Pdest_CA_v0.1-5	10000	30000	5
Pdest_CA_v0.1-5	20000	40000	4
Pdest_CA_v0.1-5	30000	50000	6
Pdest_CA_v0.1-5	40000	60000	8
Pdest_CA_v0.1-5	50000	70000	10
Pdest_CA_v0.1-5	60000	80000	11
Pdest_CA_v0.1-5	70000	90000	10
Pdest_CA_v0.1-5	80000	100000	10
Pdest_CA_v0.1-5	90000	110000	7
Pdest_CA_v0.1-5	100000	120000	8
Pdest_CA_v0.1-5	110000	130000	11
Pdest_CA_v0.1-5	120000	140000	11
Pdest_CA_v0.1-5	130000	150000	8
Pdest_CA_v0.1-5	140000	160000	5
Pdest_CA_v0.1-5	150000	170000	8
Pdest_CA_v0.1-5	160000	180000	13
Pdest_CA_v0.1-5	170000	190000	9
Pdest_CA_v0.1-5	180000	200000	3
Pdest_CA_v0.1-5	190000	210000	3
Pdest_CA_v0.1-5	200000	220000	5
Pdest_CA_v0.1-5	210000	230000	4
Pdest_CA_v0.1-5	220000	240000	6
Pdest_CA_v0.1-5	230000	250000	6
Pdest_CA_v0.1-5	240000	260000	7
Pdest_CA_v0.1-5	250000	270000	10
Pdest_CA_v0.1-5	260000	280000	8
Pdest_CA_v0.1-5	270000	288370	4
Pdest_CA_v0.1-6	0	20000	5
Pdest_CA_v0.1-6	10000	30000	6
Pdest_CA_v0.1-6	20000	40000	4
Pdest_CA_v0.1-6	30000	50000	3
Pdest_CA_v0.1-6	40000	60000	8
Pdest_CA_v0.1-6	50000	70000	12
Pdest_CA_v0.1-6	60000	80000	9
Pdest_CA_v0.1-6	70000	90000	6
Pdest_CA_v0.1-6	80000	100000	6
Pdest_CA_v0.1-6	90000	110000	8
Pdest_CA_v0.1-6	100000	120000	5
Pdest_CA_v0.1-6	110000	130000	3
Pdest_CA_v0.1-6	120000	140000	4
Pdest_CA_v0.1-6	130000	150000	6
Pdest_CA_v0.1-6	140000	160000	12
Pdest_CA_v0.1-6	150000	170000	10
Pdest_CA_v0.1-6	160000	180000	3
Pdest_CA_v0.1-6	170000	190000	4
Pdest_CA_v0.1-6	180000	200000	5
Pdest_CA_v0.1-6	190000	210000	4
Pdest_CA_v0.1-6	200000	220000	5
Pdest_CA_v0.1-6	210000	230000	10
Pdest_CA_v0.1-6	220000	240000	11
Pdest_CA_v0.1-6	230000	247875	7
Pdest_CA_v0.1-7	0	20000	7
Pdest_CA_v0.1-7	10000	30000	6
Pdest_CA_v0.1-7	20000	40000	5
Pdest_CA_v0.1-7	30000	50000	6
Pdest_CA_v0.1-7	40000	60000	8
Pdest_CA_v0.1-7	50000	70000	10
Pdest_CA_v0.1-7	60000	80000	11
Pdest_CA_v0.1-7	70000	90000	10
Pdest_CA_v0.1-7	80000	100000	9
Pdest_CA_v0.1-7	90000	110000	6
Pdest_CA_v0.1-7	100000	120000	3
Pdest_CA_v0.1-7	110000	130000	4
Pdest_CA_v0.1-7	120000	140000	8
Pdest_CA_v0.1-7	130000	150000	9
Pdest_CA_v0.1-7	140000	160000	11
Pdest_CA_v0.1-7	150000	170000	13
Pdest_CA_v0.1-7	160000	180000	11
Pdest_CA_v0.1-7	170000	190000	10
Pdest_CA_v0.1-7	180000	200000	7
Pdest_CA_v0.1-7	190000	210000	4
Pdest_CA_v0.1-7	200000	220000	2
Pdest_CA_v0.1-7	210000	230000	5
Pdest_CA_v0.1-7	220000	240000	5
Pdest_CA_v0.1-7	230000	242754	3
Pdest_CA_v0.1-8	0	20000	1
Pdest_CA_v0.1-8	10000	30000	4
Pdest_CA_v0.1-8	20000	40000	6
Pdest_CA_v0.1-8	30000	50000	11
Pdest_CA_v0.1-8	40000	60000	11
Pdest_CA_v0.1-8	50000	70000	11
Pdest_CA_v0.1-8	60000	80000	12
Pdest_CA_v0.1-8	70000	90000	7
Pdest_CA_v0.1-8	80000	100000	8
Pdest_CA_v0.1-8	90000	110000	8
Pdest_CA_v0.1-8	100000	120000	7
Pdest_CA_v0.1-8	110000	130000	5
Pdest_CA_v0.1-8	120000	140000	2
Pdest_CA_v0.1-8	130000	150000	3
Pdest_CA_v0.1-8	140000	160000	8
Pdest_CA_v0.1-8	150000	170000	11
Pdest_CA_v0.1-8	160000	180000	11
Pdest_CA_v0.1-8	170000	190000	10
Pdest_CA_v0.1-8	180000	200000	9
Pdest_CA_v0.1-8	190000	210000	8
Pdest_CA_v0.1-8	200000	213852	4
Pdest_CA_v0.1-9	0	20000	10
Pdest_CA_v0.1-9	10000	30000	11
Pdest_CA_v0.1-9	20000	40000	7
Pdest_CA_v0.1-9	30000	50000	8
Pdest_CA_v0.1-9	40000	60000	9
Pdest_CA_v0.1-9	50000	70000	9
Pdest_CA_v0.1-9	60000	80000	9
Pdest_CA_v0.1-9	70000	90000	7
Pdest_CA_v0.1-9	80000	100000	8
Pdest_CA_v0.1-9	90000	110000	7
Pdest_CA_v0.1-9	100000	120000	6
Pdest_CA_v0.1-9	110000	130000	6
Pdest_CA_v0.1-9	120000	140000	7
Pdest_CA_v0.1-9	130000	150000	9
Pdest_CA_v0.1-9	140000	160000	11
Pdest_CA_v0.1-9	150000	170000	10
Pdest_CA_v0.1-9	160000	180000	8
Pdest_CA_v0.1-9	170000	190000	9
Pdest_CA_v0.1-9	180000	200000	7
Pdest_CA_v0.1-9	190000	210000	8
Pdest_CA_v0.1-9	200000	210196	4
Pdest_CA_v0.1-10	0	20000	9
Pdest_CA_v0.1-10	10000	30000	4
Pdest_CA_v0.1-10	20000	40000	4
Pdest_CA_v0.1-10	30000	50000	8
Pdest_CA_v0.1-10	40000	60000	9
Pdest_CA_v0.1-10	50000	70000	8
Pdest_CA_v0.1-10	60000	80000	10
Pdest_CA_v0.1-10	70000	90000	12
Pdest_CA_v0.1-10	80000	100000	8
Pdest_CA_v0.1-10	90000	110000	6
Pdest_CA_v0.1-10	100000	120000	6
Pdest_CA_v0.1-10	110000	130000	7
Pdest_CA_v0.1-10	120000	140000	11
Pdest_CA_v0.1-10	130000	150000	11
Pdest_CA_v0.1-10	140000	160000	11
Pdest_CA_v0.1-10	150000	170000	8
Pdest_CA_v0.1-10	160000	180000	5
Pdest_CA_v0.1-10	170000	190000	3
Pdest_CA_v0.1-10	180000	200000	1
Pdest_CA_v0.1-10	190000	209227	4
Pdest_CA_v0.1-11	0	20000	10
Pdest_CA_v0.1-11	10000	30000	7
Pdest_CA_v0.1-11	20000	40000	7
Pdest_CA_v0.1-11	30000	50000	7
Pdest_CA_v0.1-11	40000	60000	8
Pdest_CA_v0.1-11	50000	70000	10
Pdest_CA_v0.1-11	60000	80000	7
Pdest_CA_v0.1-11	70000	90000	6
Pdest_CA_v0.1-11	80000	100000	10
Pdest_CA_v0.1-11	90000	110000	8
Pdest_CA_v0.1-11	100000	120000	2
Pdest_CA_v0.1-11	110000	130000	6
Pdest_CA_v0.1-11	120000	140000	8
Pdest_CA_v0.1-11	130000	150000	8
Pdest_CA_v0.1-11	140000	160000	9
Pdest_CA_v0.1-11	150000	170000	8
Pdest_CA_v0.1-11	160000	180000	7
Pdest_CA_v0.1-11	170000	190000	4
Pdest_CA_v0.1-11	180000	200000	2
Pdest_CA_v0.1-11	190000	203285	1
Pdest_CA_v0.1-12	0	20000	7
Pdest_CA_v0.1-12	10000	30000	8
Pdest_CA_v0.1-12	20000	40000	8
Pdest_CA_v0.1-12	30000	50000	7
Pdest_CA_v0.1-12	40000	60000	9
Pdest_CA_v0.1-12	50000	70000	8
Pdest_CA_v0.1-12	60000	80000	7
Pdest_CA_v0.1-12	70000	90000	11
Pdest_CA_v0.1-12	80000	100000	11
Pdest_CA_v0.1-12	90000	110000	9
Pdest_CA_v0.1-12	100000	120000	12
Pdest_CA_v0.1-12	110000	130000	11
Pdest_CA_v0.1-12	120000	140000	8
Pdest_CA_v0.1-12	130000	150000	6
Pdest_CA_v0.1-12	140000	160000	5
Pdest_CA_v0.1-12	150000	170000	6
Pdest_CA_v0.1-12	160000	180000	5
Pdest_CA_v0.1-12	170000	190000	6
Pdest_CA_v0.1-12	180000	192178	4
Pdest_CA_v0.1-13	0	20000	8
Pdest_CA_v0.1-13	10000	30000	9
Pdest_CA_v0.1-13	20000	40000	8
Pdest_CA_v0.1-13	30000	50000	8
Pdest_CA_v0.1-13	40000	60000	7
Pdest_CA_v0.1-13	50000	70000	6
Pdest_CA_v0.1-13	60000	80000	9
Pdest_CA_v0.1-13	70000	90000	7
Pdest_CA_v0.1-13	80000	100000	5
Pdest_CA_v0.1-13	90000	110000	7
Pdest_CA_v0.1-13	100000	120000	6
Pdest_CA_v0.1-13	110000	130000	9
Pdest_CA_v0.1-13	120000	140000	8
Pdest_CA_v0.1-13	130000	150000	7
Pdest_CA_v0.1-13	140000	160000	11
Pdest_CA_v0.1-13	150000	168626	7
Pdest_CA_v0.1-14	0	20000	11
Pdest_CA_v0.1-14	10000	30000	10
Pdest_CA_v0.1-14	20000	40000	4
Pdest_CA_v0.1-14	30000	50000	1
Pdest_CA_v0.1-14	40000	60000	3
Pdest_CA_v0.1-14	50000	70000	3
Pdest_CA_v0.1-14	60000	80000	2
Pdest_CA_v0.1-14	70000	90000	4
Pdest_CA_v0.1-14	80000	100000	4
Pdest_CA_v0.1-14	90000	110000	4
Pdest_CA_v0.1-14	100000	120000	7
Pdest_CA_v0.1-14	110000	130000	9
Pdest_CA_v0.1-14	120000	140000	11
Pdest_CA_v0.1-14	130000	150000	7
Pdest_CA_v0.1-14	140000	160000	6
Pdest_CA_v0.1-14	150000	167602	4
Pdest_CA_v0.1-15	0	20000	2
Pdest_CA_v0.1-15	10000	30000	4
Pdest_CA_v0.1-15	20000	40000	6
Pdest_CA_v0.1-15	30000	50000	4
Pdest_CA_v0.1-15	40000	60000	1
Pdest_CA_v0.1-15	50000	70000	0
Pdest_CA_v0.1-15	60000	80000	1
Pdest_CA_v0.1-15	70000	90000	4
Pdest_CA_v0.1-15	80000	100000	7
Pdest_CA_v0.1-15	90000	110000	9
Pdest_CA_v0.1-15	100000	120000	8
Pdest_CA_v0.1-15	110000	130000	6
Pdest_CA_v0.1-15	120000	140000	7
Pdest_CA_v0.1-15	130000	150000	5
Pdest_CA_v0.1-15	140000	160000	3
Pdest_CA_v0.1-15	150000	160460	0
Pdest_CA_v0.1-16	0	20000	9
Pdest_CA_v0.1-16	10000	30000	8
Pdest_CA_v0.1-16	20000	40000	9
Pdest_CA_v0.1-16	30000	50000	12
Pdest_CA_v0.1-16	40000	60000	11
Pdest_CA_v0.1-16	50000	70000	6
Pdest_CA_v0.1-16	60000	80000	4
Pdest_CA_v0.1-16	70000	90000	8
Pdest_CA_v0.1-16	80000	100000	7
Pdest_CA_v0.1-16	90000	110000	6
Pdest_CA_v0.1-16	100000	120000	6
Pdest_CA_v0.1-16	110000	130000	7
Pdest_CA_v0.1-16	120000	140000	9
Pdest_CA_v0.1-16	130000	150000	10
Pdest_CA_v0.1-16	140000	158006	9
Pdest_CA_v0.1-17	0	20000	7
Pdest_CA_v0.1-17	10000	30000	10
Pdest_CA_v0.1-17	20000	40000	5
Pdest_CA_v0.1-17	30000	50000	4
Pdest_CA_v0.1-17	40000	60000	7
Pdest_CA_v0.1-17	50000	70000	7
Pdest_CA_v0.1-17	60000	80000	6
Pdest_CA_v0.1-17	70000	90000	6
Pdest_CA_v0.1-17	80000	100000	5
Pdest_CA_v0.1-17	90000	110000	9
Pdest_CA_v0.1-17	100000	120000	12
Pdest_CA_v0.1-17	110000	130000	10
Pdest_CA_v0.1-17	120000	140000	9
Pdest_CA_v0.1-17	130000	150000	7
Pdest_CA_v0.1-17	140000	152009	3
Pdest_CA_v0.1-18	0	20000	8
Pdest_CA_v0.1-18	10000	30000	5
Pdest_CA_v0.1-18	20000	40000	1
Pdest_CA_v0.1-18	30000	50000	5
Pdest_CA_v0.1-18	40000	60000	7
Pdest_CA_v0.1-18	50000	70000	10
Pdest_CA_v0.1-18	60000	80000	10
Pdest_CA_v0.1-18	70000	90000	7
Pdest_CA_v0.1-18	80000	100000	6
Pdest_CA_v0.1-18	90000	110000	4
Pdest_CA_v0.1-18	100000	120000	4
Pdest_CA_v0.1-18	110000	130000	8
Pdest_CA_v0.1-18	120000	136310	5
Pdest_CA_v0.1-19	0	20000	5
Pdest_CA_v0.1-19	10000	30000	4
Pdest_CA_v0.1-19	20000	40000	2
Pdest_CA_v0.1-19	30000	50000	4
Pdest_CA_v0.1-19	40000	60000	6
Pdest_CA_v0.1-19	50000	70000	5
Pdest_CA_v0.1-19	60000	80000	6
Pdest_CA_v0.1-19	70000	90000	8
Pdest_CA_v0.1-19	80000	100000	8
Pdest_CA_v0.1-19	90000	110000	10
Pdest_CA_v0.1-19	100000	120000	10
Pdest_CA_v0.1-19	110000	130000	10
Pdest_CA_v0.1-19	120000	134948	6
Pdest_CA_v0.1-20	0	20000	11
Pdest_CA_v0.1-20	10000	30000	10
Pdest_CA_v0.1-20	20000	40000	9
Pdest_CA_v0.1-20	30000	50000	12
Pdest_CA_v0.1-20	40000	60000	12
Pdest_CA_v0.1-20	50000	70000	9
Pdest_CA_v0.1-20	60000	80000	6
Pdest_CA_v0.1-20	70000	90000	7
Pdest_CA_v0.1-20	80000	100000	6
Pdest_CA_v0.1-20	90000	110000	6
Pdest_CA_v0.1-20	100000	120000	6
Pdest_CA_v0.1-20	110000	130000	5
Pdest_CA_v0.1-20	120000	134498	4
Pdest_CA_v0.1-21	0	20000	9
Pdest_CA_v0.1-21	10000	30000	11
Pdest_CA_v0.1-21	20000	40000	10
Pdest_CA_v0.1-21	30000	50000	9
Pdest_CA_v0.1-21	40000	60000	9
Pdest_CA_v0.1-21	50000	70000	9
Pdest_CA_v0.1-21	60000	80000	9
Pdest_CA_v0.1-21	70000	90000	7
Pdest_CA_v0.1-21	80000	100000	6
Pdest_CA_v0.1-21	90000	110000	4
Pdest_CA_v0.1-21	100000	120000	4
Pdest_CA_v0.1-21	110000	130000	7
Pdest_CA_v0.1-21	120000	133488	4
Pdest_CA_v0.1-22	0	20000	6
Pdest_CA_v0.1-22	10000	30000	7
Pdest_CA_v0.1-22	20000	40000	5
Pdest_CA_v0.1-22	30000	50000	9
Pdest_CA_v0.1-22	40000	60000	11
Pdest_CA_v0.1-22	50000	70000	10
Pdest_CA_v0.1-22	60000	80000	11
Pdest_CA_v0.1-22	70000	90000	10
Pdest_CA_v0.1-22	80000	100000	10
Pdest_CA_v0.1-22	90000	110000	10
Pdest_CA_v0.1-22	100000	120000	6
Pdest_CA_v0.1-22	110000	130000	5
Pdest_CA_v0.1-22	120000	133224	4
Pdest_CA_v0.1-23	0	20000	4
Pdest_CA_v0.1-23	10000	30000	6
Pdest_CA_v0.1-23	20000	40000	11
Pdest_CA_v0.1-23	30000	50000	7
Pdest_CA_v0.1-23	40000	60000	3
Pdest_CA_v0.1-23	50000	70000	5
Pdest_CA_v0.1-23	60000	80000	9
Pdest_CA_v0.1-23	70000	90000	9
Pdest_CA_v0.1-23	80000	100000	5
Pdest_CA_v0.1-23	90000	110000	7
Pdest_CA_v0.1-23	100000	120000	8
Pdest_CA_v0.1-23	110000	125284	6
Pdest_CA_v0.1-24	0	20000	2
Pdest_CA_v0.1-24	10000	30000	6
Pdest_CA_v0.1-24	20000	40000	8
Pdest_CA_v0.1-24	30000	50000	9
Pdest_CA_v0.1-24	40000	60000	11
Pdest_CA_v0.1-24	50000	70000	7
Pdest_CA_v0.1-24	60000	80000	5
Pdest_CA_v0.1-24	70000	90000	6
Pdest_CA_v0.1-24	80000	100000	6
Pdest_CA_v0.1-24	90000	110000	7
Pdest_CA_v0.1-24	100000	119601	8
Pdest_CA_v0.1-25	0	20000	8
Pdest_CA_v0.1-25	10000	30000	11
Pdest_CA_v0.1-25	20000	40000	14
Pdest_CA_v0.1-25	30000	50000	14
Pdest_CA_v0.1-25	40000	60000	13
Pdest_CA_v0.1-25	50000	70000	12
Pdest_CA_v0.1-25	60000	80000	12
Pdest_CA_v0.1-25	70000	90000	7
Pdest_CA_v0.1-25	80000	100000	5
Pdest_CA_v0.1-25	90000	110000	7
Pdest_CA_v0.1-25	100000	117945	8
Pdest_CA_v0.1-26	0	20000	8
Pdest_CA_v0.1-26	10000	30000	7
Pdest_CA_v0.1-26	20000	40000	4
Pdest_CA_v0.1-26	30000	50000	6
Pdest_CA_v0.1-26	40000	60000	7
Pdest_CA_v0.1-26	50000	70000	5
Pdest_CA_v0.1-26	60000	80000	6
Pdest_CA_v0.1-26	70000	90000	9
Pdest_CA_v0.1-26	80000	100000	11
Pdest_CA_v0.1-26	90000	110000	8
Pdest_CA_v0.1-26	100000	117080	3
Pdest_CA_v0.1-27	0	20000	9
Pdest_CA_v0.1-27	10000	30000	7
Pdest_CA_v0.1-27	20000	40000	7
Pdest_CA_v0.1-27	30000	50000	7
Pdest_CA_v0.1-27	40000	60000	11
Pdest_CA_v0.1-27	50000	70000	12
Pdest_CA_v0.1-27	60000	80000	11
Pdest_CA_v0.1-27	70000	90000	14
Pdest_CA_v0.1-27	80000	100000	12
Pdest_CA_v0.1-27	90000	110000	8
Pdest_CA_v0.1-27	100000	111562	5
Pdest_CA_v0.1-28	0	20000	7
Pdest_CA_v0.1-28	10000	30000	6
Pdest_CA_v0.1-28	20000	40000	8
Pdest_CA_v0.1-28	30000	50000	7
Pdest_CA_v0.1-28	40000	60000	6
Pdest_CA_v0.1-28	50000	70000	5
Pdest_CA_v0.1-28	60000	80000	5
Pdest_CA_v0.1-28	70000	90000	10
Pdest_CA_v0.1-28	80000	100000	11
Pdest_CA_v0.1-28	90000	108513	5
Pdest_CA_v0.1-29	0	20000	5
Pdest_CA_v0.1-29	10000	30000	9
Pdest_CA_v0.1-29	20000	40000	8
Pdest_CA_v0.1-29	30000	50000	5
Pdest_CA_v0.1-29	40000	60000	4
Pdest_CA_v0.1-29	50000	70000	6
Pdest_CA_v0.1-29	60000	80000	9
Pdest_CA_v0.1-29	70000	90000	6
Pdest_CA_v0.1-29	80000	100000	5
Pdest_CA_v0.1-29	90000	108247	4
Pdest_CA_v0.1-30	0	20000	7
Pdest_CA_v0.1-30	10000	30000	7
Pdest_CA_v0.1-30	20000	40000	6
Pdest_CA_v0.1-30	30000	50000	5
Pdest_CA_v0.1-30	40000	60000	8
Pdest_CA_v0.1-30	50000	70000	11
Pdest_CA_v0.1-30	60000	80000	8
Pdest_CA_v0.1-30	70000	90000	8
Pdest_CA_v0.1-30	80000	93909	6
Pdest_CA_v0.1-31	0	20000	4
Pdest_CA_v0.1-31	10000	30000	8
Pdest_CA_v0.1-31	20000	40000	6
Pdest_CA_v0.1-31	30000	50000	7
Pdest_CA_v0.1-31	40000	60000	9
Pdest_CA_v0.1-31	50000	70000	10
Pdest_CA_v0.1-31	60000	80000	7
Pdest_CA_v0.1-31	70000	90000	3
Pdest_CA_v0.1-31	80000	92467	3
Pdest_CA_v0.1-32	0	20000	3
Pdest_CA_v0.1-32	10000	30000	6
Pdest_CA_v0.1-32	20000	40000	9
Pdest_CA_v0.1-32	30000	50000	12
Pdest_CA_v0.1-32	40000	60000	7
Pdest_CA_v0.1-32	50000	70000	5
Pdest_CA_v0.1-32	60000	80000	5
Pdest_CA_v0.1-32	70000	89774	1
Pdest_CA_v0.1-33	0	20000	7
Pdest_CA_v0.1-33	10000	30000	9
Pdest_CA_v0.1-33	20000	40000	7
Pdest_CA_v0.1-33	30000	50000	10
Pdest_CA_v0.1-33	40000	60000	11
Pdest_CA_v0.1-33	50000	70000	9
Pdest_CA_v0.1-33	60000	80000	10
Pdest_CA_v0.1-33	70000	85225	7
Pdest_CA_v0.1-34	0	20000	6
Pdest_CA_v0.1-34	10000	30000	8
Pdest_CA_v0.1-34	20000	40000	6
Pdest_CA_v0.1-34	30000	50000	4
Pdest_CA_v0.1-34	40000	60000	5
Pdest_CA_v0.1-34	50000	70000	9
Pdest_CA_v0.1-34	60000	80000	9
Pdest_CA_v0.1-34	70000	80776	4
Pdest_CA_v0.1-35	0	20000	5
Pdest_CA_v0.1-35	10000	30000	3
Pdest_CA_v0.1-35	20000	40000	5
Pdest_CA_v0.1-35	30000	50000	12
Pdest_CA_v0.1-35	40000	60000	9
Pdest_CA_v0.1-35	50000	70000	4
Pdest_CA_v0.1-35	60000	78630	6
Pdest_CA_v0.1-36	0	20000	9
Pdest_CA_v0.1-36	10000	30000	7
Pdest_CA_v0.1-36	20000	40000	8
Pdest_CA_v0.1-36	30000	50000	8
Pdest_CA_v0.1-36	40000	60000	5
Pdest_CA_v0.1-36	50000	70000	3
Pdest_CA_v0.1-36	60000	76197	1
Pdest_CA_v0.1-37	0	20000	6
Pdest_CA_v0.1-37	10000	30000	5
Pdest_CA_v0.1-37	20000	40000	6
Pdest_CA_v0.1-37	30000	50000	9
Pdest_CA_v0.1-37	40000	60000	10
Pdest_CA_v0.1-37	50000	70000	11
Pdest_CA_v0.1-37	60000	71553	6
Pdest_CA_v0.1-38	0	20000	5
Pdest_CA_v0.1-38	10000	30000	6
Pdest_CA_v0.1-38	20000	40000	5
Pdest_CA_v0.1-38	30000	50000	7
Pdest_CA_v0.1-38	40000	60000	8
Pdest_CA_v0.1-38	50000	68467	8
Pdest_CA_v0.1-39	0	20000	2
Pdest_CA_v0.1-39	10000	30000	3
Pdest_CA_v0.1-39	20000	40000	8
Pdest_CA_v0.1-39	30000	50000	11
Pdest_CA_v0.1-39	40000	60000	6
Pdest_CA_v0.1-39	50000	66829	2
Pdest_CA_v0.1-40	0	20000	8
Pdest_CA_v0.1-40	10000	30000	7
Pdest_CA_v0.1-40	20000	40000	4
Pdest_CA_v0.1-40	30000	50000	5
Pdest_CA_v0.1-40	40000	60000	6
Pdest_CA_v0.1-40	50000	65863	6
Pdest_CA_v0.1-41	0	20000	6
Pdest_CA_v0.1-41	10000	30000	7
Pdest_CA_v0.1-41	20000	40000	7
Pdest_CA_v0.1-41	30000	50000	7
Pdest_CA_v0.1-41	40000	60000	6
Pdest_CA_v0.1-41	50000	63784	3
Pdest_CA_v0.1-42	0	20000	5
Pdest_CA_v0.1-42	10000	30000	10
Pdest_CA_v0.1-42	20000	40000	12
Pdest_CA_v0.1-42	30000	50000	10
Pdest_CA_v0.1-42	40000	60000	5
Pdest_CA_v0.1-42	50000	61230	1
Pdest_CA_v0.1-43	0	20000	2
Pdest_CA_v0.1-43	10000	30000	5
Pdest_CA_v0.1-43	20000	40000	5
Pdest_CA_v0.1-43	30000	50000	4
Pdest_CA_v0.1-43	40000	57957	3
Pdest_CA_v0.1-44	0	20000	4
Pdest_CA_v0.1-44	10000	30000	6
Pdest_CA_v0.1-44	20000	40000	3
Pdest_CA_v0.1-44	30000	50000	2
Pdest_CA_v0.1-44	40000	55779	2
Pdest_CA_v0.1-45	0	20000	3
Pdest_CA_v0.1-45	10000	30000	5
Pdest_CA_v0.1-45	20000	40000	5
Pdest_CA_v0.1-45	30000	50000	7
Pdest_CA_v0.1-45	40000	51518	6
Pdest_CA_v0.1-46	0	20000	12
Pdest_CA_v0.1-46	10000	30000	11
Pdest_CA_v0.1-46	20000	40000	9
Pdest_CA_v0.1-46	30000	50000	8
Pdest_CA_v0.1-46	40000	51288	3
Pdest_CA_v0.1-68	0	20000	7
Pdest_CA_v0.1-68	10000	30000	10
Pdest_CA_v0.1-68	20000	40000	8
Pdest_CA_v0.1-68	30000	50000	5
Pdest_CA_v0.1-68	40000	60000	6
Pdest_CA_v0.1-68	50000	70000	8
Pdest_CA_v0.1-68	60000	80000	10
Pdest_CA_v0.1-68	70000	90000	5
Pdest_CA_v0.1-68	80000	100000	4
Pdest_CA_v0.1-68	90000	110000	5
Pdest_CA_v0.1-68	100000	120000	6
Pdest_CA_v0.1-68	110000	130000	10
Pdest_CA_v0.1-68	120000	140000	10
Pdest_CA_v0.1-68	130000	150000	6
Pdest_CA_v0.1-68	140000	160000	4
Pdest_CA_v0.1-68	150000	170000	5
Pdest_CA_v0.1-68	160000	180000	7
Pdest_CA_v0.1-68	170000	190000	6
Pdest_CA_v0.1-68	180000	200000	7
Pdest_CA_v0.1-68	190000	210000	8
Pdest_CA_v0.1-68	200000	220000	3
Pdest_CA_v0.1-68	210000	230000	6
Pdest_CA_v0.1-68	220000	240000	8
Pdest_CA_v0.1-68	230000	250000	7
Pdest_CA_v0.1-68	240000	260000	8
Pdest_CA_v0.1-68	250000	270000	7
Pdest_CA_v0.1-68	260000	280000	8
Pdest_CA_v0.1-68	270000	290000	8
Pdest_CA_v0.1-68	280000	300000	7
Pdest_CA_v0.1-68	290000	310000	4
Pdest_CA_v0.1-68	300000	320000	8
Pdest_CA_v0.1-68	310000	330000	13
Pdest_CA_v0.1-68	320000	340000	9
Pdest_CA_v0.1-68	330000	350000	8
Pdest_CA_v0.1-68	340000	360000	11
Pdest_CA_v0.1-68	350000	370000	10
Pdest_CA_v0.1-68	360000	380000	9
Pdest_CA_v0.1-68	370000	390000	8
Pdest_CA_v0.1-68	380000	399461	4
Pdest_CA_v0.1-69	0	20000	10
Pdest_CA_v0.1-69	10000	30000	7
Pdest_CA_v0.1-69	20000	40000	7
Pdest_CA_v0.1-69	30000	50000	8
Pdest_CA_v0.1-69	40000	60000	9
Pdest_CA_v0.1-69	50000	70000	9
Pdest_CA_v0.1-69	60000	80000	8
Pdest_CA_v0.1-69	70000	90000	8
Pdest_CA_v0.1-69	80000	100000	6
Pdest_CA_v0.1-69	90000	110000	6
Pdest_CA_v0.1-69	100000	120000	9
Pdest_CA_v0.1-69	110000	130000	11
Pdest_CA_v0.1-69	120000	140000	9
Pdest_CA_v0.1-69	130000	150000	10
Pdest_CA_v0.1-69	140000	160000	8
Pdest_CA_v0.1-69	150000	170000	4
Pdest_CA_v0.1-69	160000	180000	6
Pdest_CA_v0.1-69	170000	190000	10
Pdest_CA_v0.1-69	180000	200000	6
Pdest_CA_v0.1-69	190000	210000	7
Pdest_CA_v0.1-69	200000	220000	12
Pdest_CA_v0.1-69	210000	230000	10
Pdest_CA_v0.1-69	220000	240000	7
Pdest_CA_v0.1-69	230000	250000	5
Pdest_CA_v0.1-69	240000	260000	7
Pdest_CA_v0.1-69	250000	270000	9
Pdest_CA_v0.1-69	260000	280000	8
Pdest_CA_v0.1-69	270000	290000	9
Pdest_CA_v0.1-69	280000	300000	10
Pdest_CA_v0.1-69	290000	310000	12
Pdest_CA_v0.1-69	300000	320000	11
Pdest_CA_v0.1-69	310000	330000	8
Pdest_CA_v0.1-69	320000	340000	7
Pdest_CA_v0.1-69	330000	341761	3
Pdest_CA_v0.1-70	0	20000	7
Pdest_CA_v0.1-70	10000	30000	10
Pdest_CA_v0.1-70	20000	40000	10
Pdest_CA_v0.1-70	30000	50000	4
Pdest_CA_v0.1-70	40000	60000	2
Pdest_CA_v0.1-70	50000	70000	4
Pdest_CA_v0.1-70	60000	80000	7
Pdest_CA_v0.1-70	70000	90000	7
Pdest_CA_v0.1-70	80000	100000	11
Pdest_CA_v0.1-70	90000	110000	11
Pdest_CA_v0.1-70	100000	120000	7
Pdest_CA_v0.1-70	110000	130000	7
Pdest_CA_v0.1-70	120000	140000	8
Pdest_CA_v0.1-70	130000	150000	11
Pdest_CA_v0.1-70	140000	160000	11
Pdest_CA_v0.1-70	150000	170000	5
Pdest_CA_v0.1-70	160000	180000	2
Pdest_CA_v0.1-70	170000	190000	3
Pdest_CA_v0.1-70	180000	200000	5
Pdest_CA_v0.1-70	190000	210000	7
Pdest_CA_v0.1-70	200000	220000	9
Pdest_CA_v0.1-70	210000	230000	8
Pdest_CA_v0.1-70	220000	240000	6
Pdest_CA_v0.1-70	230000	250000	10
Pdest_CA_v0.1-70	240000	260000	12
Pdest_CA_v0.1-70	250000	270000	10
Pdest_CA_v0.1-70	260000	280000	9
Pdest_CA_v0.1-70	270000	290000	10
Pdest_CA_v0.1-70	280000	300000	10
Pdest_CA_v0.1-70	290000	310000	9
Pdest_CA_v0.1-70	300000	318371	5
Pdest_CA_v0.1-71	0	20000	6
Pdest_CA_v0.1-71	10000	30000	7
Pdest_CA_v0.1-71	20000	40000	6
Pdest_CA_v0.1-71	30000	50000	7
Pdest_CA_v0.1-71	40000	60000	9
Pdest_CA_v0.1-71	50000	70000	9
Pdest_CA_v0.1-71	60000	80000	9
Pdest_CA_v0.1-71	70000	90000	6
Pdest_CA_v0.1-71	80000	100000	4
Pdest_CA_v0.1-71	90000	110000	6
Pdest_CA_v0.1-71	100000	120000	9
Pdest_CA_v0.1-71	110000	130000	10
Pdest_CA_v0.1-71	120000	140000	9
Pdest_CA_v0.1-71	130000	150000	10
Pdest_CA_v0.1-71	140000	160000	8
Pdest_CA_v0.1-71	150000	170000	3
Pdest_CA_v0.1-71	160000	180000	3
Pdest_CA_v0.1-71	170000	190000	6
Pdest_CA_v0.1-71	180000	200000	7
Pdest_CA_v0.1-71	190000	210000	6
Pdest_CA_v0.1-71	200000	220000	7
Pdest_CA_v0.1-71	210000	230000	9
Pdest_CA_v0.1-71	220000	240000	8
Pdest_CA_v0.1-71	230000	250000	6
Pdest_CA_v0.1-71	240000	260000	6
Pdest_CA_v0.1-71	250000	270000	8
Pdest_CA_v0.1-71	260000	280000	8
Pdest_CA_v0.1-71	270000	290000	6
Pdest_CA_v0.1-71	280000	300000	3
Pdest_CA_v0.1-71	290000	310000	7
Pdest_CA_v0.1-71	300000	313190	5
Pdest_CA_v0.1-72	0	20000	3
Pdest_CA_v0.1-72	10000	30000	5
Pdest_CA_v0.1-72	20000	40000	8
Pdest_CA_v0.1-72	30000	50000	11
Pdest_CA_v0.1-72	40000	60000	10
Pdest_CA_v0.1-72	50000	70000	9
Pdest_CA_v0.1-72	60000	80000	10
Pdest_CA_v0.1-72	70000	90000	7
Pdest_CA_v0.1-72	80000	100000	8
Pdest_CA_v0.1-72	90000	110000	8
Pdest_CA_v0.1-72	100000	120000	8
Pdest_CA_v0.1-72	110000	130000	6
Pdest_CA_v0.1-72	120000	140000	7
Pdest_CA_v0.1-72	130000	150000	13
Pdest_CA_v0.1-72	140000	160000	12
Pdest_CA_v0.1-72	150000	170000	9
Pdest_CA_v0.1-72	160000	180000	6
Pdest_CA_v0.1-72	170000	190000	4
Pdest_CA_v0.1-72	180000	200000	8
Pdest_CA_v0.1-72	190000	210000	10
Pdest_CA_v0.1-72	200000	220000	11
Pdest_CA_v0.1-72	210000	230000	8
Pdest_CA_v0.1-72	220000	240000	8
Pdest_CA_v0.1-72	230000	250000	7
Pdest_CA_v0.1-72	240000	260000	8
Pdest_CA_v0.1-72	250000	270000	9
Pdest_CA_v0.1-72	260000	280000	8
Pdest_CA_v0.1-72	270000	290000	10
Pdest_CA_v0.1-72	280000	299551	9
Pdest_CA_v0.1-73	0	20000	11
Pdest_CA_v0.1-73	10000	30000	8
Pdest_CA_v0.1-73	20000	40000	7
Pdest_CA_v0.1-73	30000	50000	4
Pdest_CA_v0.1-73	40000	60000	3
Pdest_CA_v0.1-73	50000	70000	6
Pdest_CA_v0.1-73	60000	80000	7
Pdest_CA_v0.1-73	70000	90000	7
Pdest_CA_v0.1-73	80000	100000	7
Pdest_CA_v0.1-73	90000	110000	6
Pdest_CA_v0.1-73	100000	120000	4
Pdest_CA_v0.1-73	110000	130000	4
Pdest_CA_v0.1-73	120000	140000	6
Pdest_CA_v0.1-73	130000	150000	7
Pdest_CA_v0.1-73	140000	160000	8
Pdest_CA_v0.1-73	150000	170000	10
Pdest_CA_v0.1-73	160000	180000	10
Pdest_CA_v0.1-73	170000	190000	9
Pdest_CA_v0.1-73	180000	200000	8
Pdest_CA_v0.1-73	190000	210000	10
Pdest_CA_v0.1-73	200000	220000	11
Pdest_CA_v0.1-73	210000	230000	9
Pdest_CA_v0.1-73	220000	240000	6
Pdest_CA_v0.1-73	230000	250000	9
Pdest_CA_v0.1-73	240000	260000	10
Pdest_CA_v0.1-73	250000	270000	9
Pdest_CA_v0.1-73	260000	280000	9
Pdest_CA_v0.1-73	270000	283146	5
Pdest_CA_v0.1-74	0	20000	8
Pdest_CA_v0.1-74	10000	30000	5
Pdest_CA_v0.1-74	20000	40000	6
Pdest_CA_v0.1-74	30000	50000	8
Pdest_CA_v0.1-74	40000	60000	10
Pdest_CA_v0.1-74	50000	70000	11
Pdest_CA_v0.1-74	60000	80000	11
Pdest_CA_v0.1-74	70000	90000	9
Pdest_CA_v0.1-74	80000	100000	5
Pdest_CA_v0.1-74	90000	110000	7
Pdest_CA_v0.1-74	100000	120000	8
Pdest_CA_v0.1-74	110000	130000	8
Pdest_CA_v0.1-74	120000	140000	9
Pdest_CA_v0.1-74	130000	150000	11
Pdest_CA_v0.1-74	140000	160000	9
Pdest_CA_v0.1-74	150000	170000	5
Pdest_CA_v0.1-74	160000	180000	9
Pdest_CA_v0.1-74	170000	190000	8
Pdest_CA_v0.1-74	180000	200000	2
Pdest_CA_v0.1-74	190000	210000	2
Pdest_CA_v0.1-74	200000	220000	6
Pdest_CA_v0.1-74	210000	230000	9
Pdest_CA_v0.1-74	220000	240000	8
Pdest_CA_v0.1-74	230000	250000	9
Pdest_CA_v0.1-74	240000	254480	6
Pdest_CA_v0.1-75	0	20000	6
Pdest_CA_v0.1-75	10000	30000	8
Pdest_CA_v0.1-75	20000	40000	10
Pdest_CA_v0.1-75	30000	50000	8
Pdest_CA_v0.1-75	40000	60000	5
Pdest_CA_v0.1-75	50000	70000	6
Pdest_CA_v0.1-75	60000	80000	8
Pdest_CA_v0.1-75	70000	90000	10
Pdest_CA_v0.1-75	80000	100000	7
Pdest_CA_v0.1-75	90000	110000	4
Pdest_CA_v0.1-75	100000	120000	4
Pdest_CA_v0.1-75	110000	130000	5
Pdest_CA_v0.1-75	120000	140000	7
Pdest_CA_v0.1-75	130000	150000	8
Pdest_CA_v0.1-75	140000	160000	6
Pdest_CA_v0.1-75	150000	170000	9
Pdest_CA_v0.1-75	160000	180000	11
Pdest_CA_v0.1-75	170000	190000	12
Pdest_CA_v0.1-75	180000	200000	10
Pdest_CA_v0.1-75	190000	210000	8
Pdest_CA_v0.1-75	200000	220000	9
Pdest_CA_v0.1-75	210000	223079	3
Pdest_CA_v0.1-76	0	20000	6
Pdest_CA_v0.1-76	10000	30000	10
Pdest_CA_v0.1-76	20000	40000	12
Pdest_CA_v0.1-76	30000	50000	13
Pdest_CA_v0.1-76	40000	60000	14
Pdest_CA_v0.1-76	50000	70000	14
Pdest_CA_v0.1-76	60000	80000	13
Pdest_CA_v0.1-76	70000	90000	9
Pdest_CA_v0.1-76	80000	100000	14
Pdest_CA_v0.1-76	90000	110000	17
Pdest_CA_v0.1-76	100000	120000	7
Pdest_CA_v0.1-76	110000	130000	3
Pdest_CA_v0.1-76	120000	140000	6
Pdest_CA_v0.1-76	130000	150000	10
Pdest_CA_v0.1-76	140000	160000	7
Pdest_CA_v0.1-76	150000	170000	10
Pdest_CA_v0.1-76	160000	180000	6
Pdest_CA_v0.1-76	170000	190000	4
Pdest_CA_v0.1-76	180000	200000	6
Pdest_CA_v0.1-76	190000	210000	9
Pdest_CA_v0.1-76	200000	220000	9
Pdest_CA_v0.1-76	210000	220841	3
Pdest_CA_v0.1-77	0	20000	5
Pdest_CA_v0.1-77	10000	30000	9
Pdest_CA_v0.1-77	20000	40000	6
Pdest_CA_v0.1-77	30000	50000	8
Pdest_CA_v0.1-77	40000	60000	9
Pdest_CA_v0.1-77	50000	70000	10
Pdest_CA_v0.1-77	60000	80000	11
Pdest_CA_v0.1-77	70000	90000	10
Pdest_CA_v0.1-77	80000	100000	10
Pdest_CA_v0.1-77	90000	110000	5
Pdest_CA_v0.1-77	100000	120000	4
Pdest_CA_v0.1-77	110000	130000	4
Pdest_CA_v0.1-77	120000	140000	6
Pdest_CA_v0.1-77	130000	150000	8
Pdest_CA_v0.1-77	140000	160000	6
Pdest_CA_v0.1-77	150000	170000	9
Pdest_CA_v0.1-77	160000	180000	10
Pdest_CA_v0.1-77	170000	190000	11
Pdest_CA_v0.1-77	180000	200000	9
Pdest_CA_v0.1-77	190000	209184	10
Pdest_CA_v0.1-78	0	20000	6
Pdest_CA_v0.1-78	10000	30000	10
Pdest_CA_v0.1-78	20000	40000	8
Pdest_CA_v0.1-78	30000	50000	5
Pdest_CA_v0.1-78	40000	60000	6
Pdest_CA_v0.1-78	50000	70000	7
Pdest_CA_v0.1-78	60000	80000	7
Pdest_CA_v0.1-78	70000	90000	5
Pdest_CA_v0.1-78	80000	100000	9
Pdest_CA_v0.1-78	90000	110000	10
Pdest_CA_v0.1-78	100000	120000	9
Pdest_CA_v0.1-78	110000	130000	10
Pdest_CA_v0.1-78	120000	140000	9
Pdest_CA_v0.1-78	130000	150000	9
Pdest_CA_v0.1-78	140000	160000	11
Pdest_CA_v0.1-78	150000	170000	8
Pdest_CA_v0.1-78	160000	180000	7
Pdest_CA_v0.1-78	170000	190000	6
Pdest_CA_v0.1-78	180000	200000	8
Pdest_CA_v0.1-78	190000	208435	11
Pdest_CA_v0.1-79	0	20000	11
Pdest_CA_v0.1-79	10000	30000	9
Pdest_CA_v0.1-79	20000	40000	4
Pdest_CA_v0.1-79	30000	50000	4
Pdest_CA_v0.1-79	40000	60000	3
Pdest_CA_v0.1-79	50000	70000	6
Pdest_CA_v0.1-79	60000	80000	8
Pdest_CA_v0.1-79	70000	90000	9
Pdest_CA_v0.1-79	80000	100000	8
Pdest_CA_v0.1-79	90000	110000	8
Pdest_CA_v0.1-79	100000	120000	6
Pdest_CA_v0.1-79	110000	130000	7
Pdest_CA_v0.1-79	120000	140000	7
Pdest_CA_v0.1-79	130000	150000	9
Pdest_CA_v0.1-79	140000	160000	9
Pdest_CA_v0.1-79	150000	170000	7
Pdest_CA_v0.1-79	160000	180000	11
Pdest_CA_v0.1-79	170000	190000	11
Pdest_CA_v0.1-79	180000	200000	11
Pdest_CA_v0.1-79	190000	202459	8
Pdest_CA_v0.1-80	0	20000	7
Pdest_CA_v0.1-80	10000	30000	6
Pdest_CA_v0.1-80	20000	40000	8
Pdest_CA_v0.1-80	30000	50000	9
Pdest_CA_v0.1-80	40000	60000	10
Pdest_CA_v0.1-80	50000	70000	11
Pdest_CA_v0.1-80	60000	80000	8
Pdest_CA_v0.1-80	70000	90000	8
Pdest_CA_v0.1-80	80000	100000	6
Pdest_CA_v0.1-80	90000	110000	7
Pdest_CA_v0.1-80	100000	120000	8
Pdest_CA_v0.1-80	110000	130000	7
Pdest_CA_v0.1-80	120000	140000	9
Pdest_CA_v0.1-80	130000	150000	9
Pdest_CA_v0.1-80	140000	160000	10
Pdest_CA_v0.1-80	150000	170000	10
Pdest_CA_v0.1-80	160000	180000	4
Pdest_CA_v0.1-80	170000	189311	0
Pdest_CA_v0.1-81	0	20000	0
Pdest_CA_v0.1-81	10000	30000	2
Pdest_CA_v0.1-81	20000	40000	7
Pdest_CA_v0.1-81	30000	50000	11
Pdest_CA_v0.1-81	40000	60000	9
Pdest_CA_v0.1-81	50000	70000	4
Pdest_CA_v0.1-81	60000	80000	3
Pdest_CA_v0.1-81	70000	90000	6
Pdest_CA_v0.1-81	80000	100000	6
Pdest_CA_v0.1-81	90000	110000	3
Pdest_CA_v0.1-81	100000	120000	4
Pdest_CA_v0.1-81	110000	130000	8
Pdest_CA_v0.1-81	120000	140000	8
Pdest_CA_v0.1-81	130000	150000	5
Pdest_CA_v0.1-81	140000	160000	2
Pdest_CA_v0.1-81	150000	170000	2
Pdest_CA_v0.1-81	160000	180000	5
Pdest_CA_v0.1-81	170000	188468	4
Pdest_CA_v0.1-82	0	20000	3
Pdest_CA_v0.1-82	10000	30000	5
Pdest_CA_v0.1-82	20000	40000	6
Pdest_CA_v0.1-82	30000	50000	6
Pdest_CA_v0.1-82	40000	60000	4
Pdest_CA_v0.1-82	50000	70000	8
Pdest_CA_v0.1-82	60000	80000	11
Pdest_CA_v0.1-82	70000	90000	7
Pdest_CA_v0.1-82	80000	100000	6
Pdest_CA_v0.1-82	90000	110000	8
Pdest_CA_v0.1-82	100000	120000	6
Pdest_CA_v0.1-82	110000	130000	4
Pdest_CA_v0.1-82	120000	140000	6
Pdest_CA_v0.1-82	130000	150000	9
Pdest_CA_v0.1-82	140000	160000	6
Pdest_CA_v0.1-82	150000	170000	5
Pdest_CA_v0.1-82	160000	180000	6
Pdest_CA_v0.1-82	170000	183095	2
Pdest_CA_v0.1-83	0	20000	1
Pdest_CA_v0.1-83	10000	30000	5
Pdest_CA_v0.1-83	20000	40000	5
Pdest_CA_v0.1-83	30000	50000	5
Pdest_CA_v0.1-83	40000	60000	6
Pdest_CA_v0.1-83	50000	70000	5
Pdest_CA_v0.1-83	60000	80000	4
Pdest_CA_v0.1-83	70000	90000	6
Pdest_CA_v0.1-83	80000	100000	7
Pdest_CA_v0.1-83	90000	110000	8
Pdest_CA_v0.1-83	100000	120000	10
Pdest_CA_v0.1-83	110000	130000	11
Pdest_CA_v0.1-83	120000	140000	8
Pdest_CA_v0.1-83	130000	150000	6
Pdest_CA_v0.1-83	140000	160000	9
Pdest_CA_v0.1-83	150000	168751	6
Pdest_CA_v0.1-84	0	20000	10
Pdest_CA_v0.1-84	10000	30000	7
Pdest_CA_v0.1-84	20000	40000	7
Pdest_CA_v0.1-84	30000	50000	6
Pdest_CA_v0.1-84	40000	60000	5
Pdest_CA_v0.1-84	50000	70000	6
Pdest_CA_v0.1-84	60000	80000	8
Pdest_CA_v0.1-84	70000	90000	8
Pdest_CA_v0.1-84	80000	100000	7
Pdest_CA_v0.1-84	90000	110000	6
Pdest_CA_v0.1-84	100000	120000	11
Pdest_CA_v0.1-84	110000	130000	8
Pdest_CA_v0.1-84	120000	140000	5
Pdest_CA_v0.1-84	130000	150000	8
Pdest_CA_v0.1-84	140000	160000	7
Pdest_CA_v0.1-84	150000	168624	4
Pdest_CA_v0.1-85	0	20000	4
Pdest_CA_v0.1-85	10000	30000	6
Pdest_CA_v0.1-85	20000	40000	9
Pdest_CA_v0.1-85	30000	50000	9
Pdest_CA_v0.1-85	40000	60000	7
Pdest_CA_v0.1-85	50000	70000	8
Pdest_CA_v0.1-85	60000	80000	10
Pdest_CA_v0.1-85	70000	90000	10
Pdest_CA_v0.1-85	80000	100000	9
Pdest_CA_v0.1-85	90000	110000	13
Pdest_CA_v0.1-85	100000	120000	11
Pdest_CA_v0.1-85	110000	130000	8
Pdest_CA_v0.1-85	120000	140000	6
Pdest_CA_v0.1-85	130000	150000	10
Pdest_CA_v0.1-85	140000	160000	9
Pdest_CA_v0.1-85	150000	167140	2
Pdest_CA_v0.1-86	0	20000	6
Pdest_CA_v0.1-86	10000	30000	4
Pdest_CA_v0.1-86	20000	40000	6
Pdest_CA_v0.1-86	30000	50000	10
Pdest_CA_v0.1-86	40000	60000	8
Pdest_CA_v0.1-86	50000	70000	9
Pdest_CA_v0.1-86	60000	80000	11
Pdest_CA_v0.1-86	70000	90000	8
Pdest_CA_v0.1-86	80000	100000	7
Pdest_CA_v0.1-86	90000	110000	6
Pdest_CA_v0.1-86	100000	120000	6
Pdest_CA_v0.1-86	110000	130000	4
Pdest_CA_v0.1-86	120000	140000	5
Pdest_CA_v0.1-86	130000	150000	9
Pdest_CA_v0.1-86	140000	160000	8
Pdest_CA_v0.1-86	150000	165418	4
Pdest_CA_v0.1-87	0	20000	7
Pdest_CA_v0.1-87	10000	30000	11
Pdest_CA_v0.1-87	20000	40000	11
Pdest_CA_v0.1-87	30000	50000	11
Pdest_CA_v0.1-87	40000	60000	8
Pdest_CA_v0.1-87	50000	70000	3
Pdest_CA_v0.1-87	60000	80000	6
Pdest_CA_v0.1-87	70000	90000	9
Pdest_CA_v0.1-87	80000	100000	4
Pdest_CA_v0.1-87	90000	110000	3
Pdest_CA_v0.1-87	100000	120000	5
Pdest_CA_v0.1-87	110000	130000	9
Pdest_CA_v0.1-87	120000	140000	9
Pdest_CA_v0.1-87	130000	150000	5
Pdest_CA_v0.1-87	140000	160000	2
Pdest_CA_v0.1-87	150000	162116	2
Pdest_CA_v0.1-88	0	20000	5
Pdest_CA_v0.1-88	10000	30000	10
Pdest_CA_v0.1-88	20000	40000	11
Pdest_CA_v0.1-88	30000	50000	9
Pdest_CA_v0.1-88	40000	60000	10
Pdest_CA_v0.1-88	50000	70000	9
Pdest_CA_v0.1-88	60000	80000	10
Pdest_CA_v0.1-88	70000	90000	10
Pdest_CA_v0.1-88	80000	100000	8
Pdest_CA_v0.1-88	90000	110000	8
Pdest_CA_v0.1-88	100000	120000	6
Pdest_CA_v0.1-88	110000	130000	9
Pdest_CA_v0.1-88	120000	140000	12
Pdest_CA_v0.1-88	130000	150000	11
Pdest_CA_v0.1-88	140000	154103	6
Pdest_CA_v0.1-89	0	20000	1
Pdest_CA_v0.1-89	10000	30000	0
Pdest_CA_v0.1-89	20000	40000	2
Pdest_CA_v0.1-89	30000	50000	5
Pdest_CA_v0.1-89	40000	60000	4
Pdest_CA_v0.1-89	50000	70000	8
Pdest_CA_v0.1-89	60000	80000	10
Pdest_CA_v0.1-89	70000	90000	9
Pdest_CA_v0.1-89	80000	100000	8
Pdest_CA_v0.1-89	90000	110000	4
Pdest_CA_v0.1-89	100000	120000	5
Pdest_CA_v0.1-89	110000	130000	7
Pdest_CA_v0.1-89	120000	140000	5
Pdest_CA_v0.1-89	130000	150000	3
Pdest_CA_v0.1-89	140000	152566	2
Pdest_CA_v0.1-90	0	20000	6
Pdest_CA_v0.1-90	10000	30000	10
Pdest_CA_v0.1-90	20000	40000	11
Pdest_CA_v0.1-90	30000	50000	12
Pdest_CA_v0.1-90	40000	60000	12
Pdest_CA_v0.1-90	50000	70000	7
Pdest_CA_v0.1-90	60000	80000	3
Pdest_CA_v0.1-90	70000	90000	3
Pdest_CA_v0.1-90	80000	100000	8
Pdest_CA_v0.1-90	90000	110000	9
Pdest_CA_v0.1-90	100000	120000	10
Pdest_CA_v0.1-90	110000	130000	9
Pdest_CA_v0.1-90	120000	140000	5
Pdest_CA_v0.1-90	130000	146776	2
Pdest_CA_v0.1-91	0	20000	6
Pdest_CA_v0.1-91	10000	30000	9
Pdest_CA_v0.1-91	20000	40000	10
Pdest_CA_v0.1-91	30000	50000	8
Pdest_CA_v0.1-91	40000	60000	6
Pdest_CA_v0.1-91	50000	70000	9
Pdest_CA_v0.1-91	60000	80000	9
Pdest_CA_v0.1-91	70000	90000	8
Pdest_CA_v0.1-91	80000	100000	6
Pdest_CA_v0.1-91	90000	110000	5
Pdest_CA_v0.1-91	100000	120000	5
Pdest_CA_v0.1-91	110000	130000	6
Pdest_CA_v0.1-91	120000	140000	8
Pdest_CA_v0.1-91	130000	146667	8
Pdest_CA_v0.1-92	0	20000	6
Pdest_CA_v0.1-92	10000	30000	11
Pdest_CA_v0.1-92	20000	40000	12
Pdest_CA_v0.1-92	30000	50000	8
Pdest_CA_v0.1-92	40000	60000	4
Pdest_CA_v0.1-92	50000	70000	8
Pdest_CA_v0.1-92	60000	80000	8
Pdest_CA_v0.1-92	70000	90000	4
Pdest_CA_v0.1-92	80000	100000	5
Pdest_CA_v0.1-92	90000	110000	9
Pdest_CA_v0.1-92	100000	120000	9
Pdest_CA_v0.1-92	110000	130000	9
Pdest_CA_v0.1-92	120000	140000	6
Pdest_CA_v0.1-92	130000	144545	6
Pdest_CA_v0.1-93	0	20000	7
Pdest_CA_v0.1-93	10000	30000	11
Pdest_CA_v0.1-93	20000	40000	10
Pdest_CA_v0.1-93	30000	50000	5
Pdest_CA_v0.1-93	40000	60000	7
Pdest_CA_v0.1-93	50000	70000	9
Pdest_CA_v0.1-93	60000	80000	7
Pdest_CA_v0.1-93	70000	90000	8
Pdest_CA_v0.1-93	80000	100000	12
Pdest_CA_v0.1-93	90000	110000	11
Pdest_CA_v0.1-93	100000	120000	10
Pdest_CA_v0.1-93	110000	130000	9
Pdest_CA_v0.1-93	120000	140000	7
Pdest_CA_v0.1-93	130000	142013	3
Pdest_CA_v0.1-94	0	20000	6
Pdest_CA_v0.1-94	10000	30000	7
Pdest_CA_v0.1-94	20000	40000	7
Pdest_CA_v0.1-94	30000	50000	7
Pdest_CA_v0.1-94	40000	60000	6
Pdest_CA_v0.1-94	50000	70000	4
Pdest_CA_v0.1-94	60000	80000	6
Pdest_CA_v0.1-94	70000	90000	9
Pdest_CA_v0.1-94	80000	100000	8
Pdest_CA_v0.1-94	90000	110000	6
Pdest_CA_v0.1-94	100000	120000	5
Pdest_CA_v0.1-94	110000	130000	5
Pdest_CA_v0.1-94	120000	140000	6
Pdest_CA_v0.1-94	130000	140951	5
Pdest_CA_v0.1-95	0	20000	9
Pdest_CA_v0.1-95	10000	30000	10
Pdest_CA_v0.1-95	20000	40000	8
Pdest_CA_v0.1-95	30000	50000	7
Pdest_CA_v0.1-95	40000	60000	6
Pdest_CA_v0.1-95	50000	70000	7
Pdest_CA_v0.1-95	60000	80000	3
Pdest_CA_v0.1-95	70000	90000	5
Pdest_CA_v0.1-95	80000	100000	8
Pdest_CA_v0.1-95	90000	110000	11
Pdest_CA_v0.1-95	100000	120000	10
Pdest_CA_v0.1-95	110000	130000	7
Pdest_CA_v0.1-95	120000	137014	4
Pdest_CA_v0.1-96	0	20000	8
Pdest_CA_v0.1-96	10000	30000	10
Pdest_CA_v0.1-96	20000	40000	7
Pdest_CA_v0.1-96	30000	50000	5
Pdest_CA_v0.1-96	40000	60000	6
Pdest_CA_v0.1-96	50000	70000	5
Pdest_CA_v0.1-96	60000	80000	0
Pdest_CA_v0.1-96	70000	90000	3
Pdest_CA_v0.1-96	80000	100000	5
Pdest_CA_v0.1-96	90000	110000	4
Pdest_CA_v0.1-96	100000	120000	7
Pdest_CA_v0.1-96	110000	130000	8
Pdest_CA_v0.1-96	120000	134889	3
Pdest_CA_v0.1-97	0	20000	10
Pdest_CA_v0.1-97	10000	30000	9
Pdest_CA_v0.1-97	20000	40000	10
Pdest_CA_v0.1-97	30000	50000	10
Pdest_CA_v0.1-97	40000	60000	10
Pdest_CA_v0.1-97	50000	70000	8
Pdest_CA_v0.1-97	60000	80000	5
Pdest_CA_v0.1-97	70000	90000	7
Pdest_CA_v0.1-97	80000	100000	10
Pdest_CA_v0.1-97	90000	110000	12
Pdest_CA_v0.1-97	100000	120000	12
Pdest_CA_v0.1-97	110000	130000	11
Pdest_CA_v0.1-97	120000	132907	5
Pdest_CA_v0.1-98	0	20000	6
Pdest_CA_v0.1-98	10000	30000	7
Pdest_CA_v0.1-98	20000	40000	9
Pdest_CA_v0.1-98	30000	50000	7
Pdest_CA_v0.1-98	40000	60000	4
Pdest_CA_v0.1-98	50000	70000	8
Pdest_CA_v0.1-98	60000	80000	8
Pdest_CA_v0.1-98	70000	90000	7
Pdest_CA_v0.1-98	80000	100000	5
Pdest_CA_v0.1-98	90000	110000	2
Pdest_CA_v0.1-98	100000	120000	4
Pdest_CA_v0.1-98	110000	129316	6
Pdest_CA_v0.1-99	0	20000	12
Pdest_CA_v0.1-99	10000	30000	11
Pdest_CA_v0.1-99	20000	40000	13
Pdest_CA_v0.1-99	30000	50000	10
Pdest_CA_v0.1-99	40000	60000	6
Pdest_CA_v0.1-99	50000	70000	6
Pdest_CA_v0.1-99	60000	80000	8
Pdest_CA_v0.1-99	70000	90000	4
Pdest_CA_v0.1-99	80000	100000	5
Pdest_CA_v0.1-99	90000	110000	7
Pdest_CA_v0.1-99	100000	120000	5
Pdest_CA_v0.1-99	110000	128925	3
Pdest_CA_v0.1-100	0	20000	8
Pdest_CA_v0.1-100	10000	30000	7
Pdest_CA_v0.1-100	20000	40000	9
Pdest_CA_v0.1-100	30000	50000	6
Pdest_CA_v0.1-100	40000	60000	2
Pdest_CA_v0.1-100	50000	70000	5
Pdest_CA_v0.1-100	60000	80000	8
Pdest_CA_v0.1-100	70000	90000	8
Pdest_CA_v0.1-100	80000	100000	8
Pdest_CA_v0.1-100	90000	110000	13
Pdest_CA_v0.1-100	100000	120000	11
Pdest_CA_v0.1-100	110000	128725	5
Pdest_CA_v0.1-101	0	20000	8
Pdest_CA_v0.1-101	10000	30000	9
Pdest_CA_v0.1-101	20000	40000	9
Pdest_CA_v0.1-101	30000	50000	10
Pdest_CA_v0.1-101	40000	60000	12
Pdest_CA_v0.1-101	50000	70000	10
Pdest_CA_v0.1-101	60000	80000	9
Pdest_CA_v0.1-101	70000	90000	10
Pdest_CA_v0.1-101	80000	100000	8
Pdest_CA_v0.1-101	90000	110000	5
Pdest_CA_v0.1-101	100000	120000	5
Pdest_CA_v0.1-101	110000	128192	6
Pdest_CA_v0.1-102	0	20000	6
Pdest_CA_v0.1-102	10000	30000	7
Pdest_CA_v0.1-102	20000	40000	5
Pdest_CA_v0.1-102	30000	50000	4
Pdest_CA_v0.1-102	40000	60000	8
Pdest_CA_v0.1-102	50000	70000	8
Pdest_CA_v0.1-102	60000	80000	10
Pdest_CA_v0.1-102	70000	90000	13
Pdest_CA_v0.1-102	80000	100000	9
Pdest_CA_v0.1-102	90000	110000	8
Pdest_CA_v0.1-102	100000	120000	4
Pdest_CA_v0.1-102	110000	125081	1
Pdest_CA_v0.1-103	0	20000	5
Pdest_CA_v0.1-103	10000	30000	8
Pdest_CA_v0.1-103	20000	40000	8
Pdest_CA_v0.1-103	30000	50000	9
Pdest_CA_v0.1-103	40000	60000	8
Pdest_CA_v0.1-103	50000	70000	6
Pdest_CA_v0.1-103	60000	80000	6
Pdest_CA_v0.1-103	70000	90000	4
Pdest_CA_v0.1-103	80000	100000	6
Pdest_CA_v0.1-103	90000	110000	8
Pdest_CA_v0.1-103	100000	120000	5
Pdest_CA_v0.1-103	110000	120791	1
Pdest_CA_v0.1-104	0	20000	6
Pdest_CA_v0.1-104	10000	30000	12
Pdest_CA_v0.1-104	20000	40000	13
Pdest_CA_v0.1-104	30000	50000	12
Pdest_CA_v0.1-104	40000	60000	10
Pdest_CA_v0.1-104	50000	70000	7
Pdest_CA_v0.1-104	60000	80000	10
Pdest_CA_v0.1-104	70000	90000	9
Pdest_CA_v0.1-104	80000	100000	7
Pdest_CA_v0.1-104	90000	110000	9
Pdest_CA_v0.1-104	100000	120000	8
Pdest_CA_v0.1-104	110000	120235	3
Pdest_CA_v0.1-105	0	20000	9
Pdest_CA_v0.1-105	10000	30000	11
Pdest_CA_v0.1-105	20000	40000	8
Pdest_CA_v0.1-105	30000	50000	8
Pdest_CA_v0.1-105	40000	60000	8
Pdest_CA_v0.1-105	50000	70000	4
Pdest_CA_v0.1-105	60000	80000	4
Pdest_CA_v0.1-105	70000	90000	8
Pdest_CA_v0.1-105	80000	100000	10
Pdest_CA_v0.1-105	90000	110000	6
Pdest_CA_v0.1-105	100000	119621	3
Pdest_CA_v0.1-106	0	20000	9
Pdest_CA_v0.1-106	10000	30000	13
Pdest_CA_v0.1-106	20000	40000	8
Pdest_CA_v0.1-106	30000	50000	4
Pdest_CA_v0.1-106	40000	60000	5
Pdest_CA_v0.1-106	50000	70000	5
Pdest_CA_v0.1-106	60000	80000	9
Pdest_CA_v0.1-106	70000	90000	12
Pdest_CA_v0.1-106	80000	100000	9
Pdest_CA_v0.1-106	90000	110000	8
Pdest_CA_v0.1-106	100000	119421	8
Pdest_CA_v0.1-107	0	20000	6
Pdest_CA_v0.1-107	10000	30000	6
Pdest_CA_v0.1-107	20000	40000	5
Pdest_CA_v0.1-107	30000	50000	7
Pdest_CA_v0.1-107	40000	60000	6
Pdest_CA_v0.1-107	50000	70000	4
Pdest_CA_v0.1-107	60000	80000	10
Pdest_CA_v0.1-107	70000	90000	7
Pdest_CA_v0.1-107	80000	100000	0
Pdest_CA_v0.1-107	90000	110000	0
Pdest_CA_v0.1-107	100000	117070	0
Pdest_CA_v0.1-108	0	20000	9
Pdest_CA_v0.1-108	10000	30000	11
Pdest_CA_v0.1-108	20000	40000	9
Pdest_CA_v0.1-108	30000	50000	6
Pdest_CA_v0.1-108	40000	60000	9
Pdest_CA_v0.1-108	50000	70000	10
Pdest_CA_v0.1-108	60000	80000	7
Pdest_CA_v0.1-108	70000	90000	6
Pdest_CA_v0.1-108	80000	100000	6
Pdest_CA_v0.1-108	90000	110000	4
Pdest_CA_v0.1-108	100000	116997	2
Pdest_CA_v0.1-109	0	20000	9
Pdest_CA_v0.1-109	10000	30000	15
Pdest_CA_v0.1-109	20000	40000	11
Pdest_CA_v0.1-109	30000	50000	7
Pdest_CA_v0.1-109	40000	60000	11
Pdest_CA_v0.1-109	50000	70000	9
Pdest_CA_v0.1-109	60000	80000	5
Pdest_CA_v0.1-109	70000	90000	7
Pdest_CA_v0.1-109	80000	100000	6
Pdest_CA_v0.1-109	90000	110000	7
Pdest_CA_v0.1-109	100000	115891	4
Pdest_CA_v0.1-110	0	20000	4
Pdest_CA_v0.1-110	10000	30000	6
Pdest_CA_v0.1-110	20000	40000	9
Pdest_CA_v0.1-110	30000	50000	8
Pdest_CA_v0.1-110	40000	60000	7
Pdest_CA_v0.1-110	50000	70000	10
Pdest_CA_v0.1-110	60000	80000	11
Pdest_CA_v0.1-110	70000	90000	5
Pdest_CA_v0.1-110	80000	100000	4
Pdest_CA_v0.1-110	90000	110000	5
Pdest_CA_v0.1-110	100000	110845	2
Pdest_CA_v0.1-111	0	20000	9
Pdest_CA_v0.1-111	10000	30000	9
Pdest_CA_v0.1-111	20000	40000	7
Pdest_CA_v0.1-111	30000	50000	4
Pdest_CA_v0.1-111	40000	60000	8
Pdest_CA_v0.1-111	50000	70000	10
Pdest_CA_v0.1-111	60000	80000	8
Pdest_CA_v0.1-111	70000	90000	9
Pdest_CA_v0.1-111	80000	100000	7
Pdest_CA_v0.1-111	90000	108071	7
Pdest_CA_v0.1-112	0	20000	4
Pdest_CA_v0.1-112	10000	30000	8
Pdest_CA_v0.1-112	20000	40000	7
Pdest_CA_v0.1-112	30000	50000	4
Pdest_CA_v0.1-112	40000	60000	5
Pdest_CA_v0.1-112	50000	70000	6
Pdest_CA_v0.1-112	60000	80000	3
Pdest_CA_v0.1-112	70000	90000	2
Pdest_CA_v0.1-112	80000	100000	5
Pdest_CA_v0.1-112	90000	106501	4
Pdest_CA_v0.1-113	0	20000	7
Pdest_CA_v0.1-113	10000	30000	10
Pdest_CA_v0.1-113	20000	40000	8
Pdest_CA_v0.1-113	30000	50000	6
Pdest_CA_v0.1-113	40000	60000	5
Pdest_CA_v0.1-113	50000	70000	2
Pdest_CA_v0.1-113	60000	80000	6
Pdest_CA_v0.1-113	70000	90000	11
Pdest_CA_v0.1-113	80000	100000	10
Pdest_CA_v0.1-113	90000	105301	9
Pdest_CA_v0.1-114	0	20000	2
Pdest_CA_v0.1-114	10000	30000	4
Pdest_CA_v0.1-114	20000	40000	9
Pdest_CA_v0.1-114	30000	50000	10
Pdest_CA_v0.1-114	40000	60000	10
Pdest_CA_v0.1-114	50000	70000	8
Pdest_CA_v0.1-114	60000	80000	6
Pdest_CA_v0.1-114	70000	90000	5
Pdest_CA_v0.1-114	80000	100000	4
Pdest_CA_v0.1-114	90000	104589	4
Pdest_CA_v0.1-115	0	20000	5
Pdest_CA_v0.1-115	10000	30000	9
Pdest_CA_v0.1-115	20000	40000	8
Pdest_CA_v0.1-115	30000	50000	7
Pdest_CA_v0.1-115	40000	60000	9
Pdest_CA_v0.1-115	50000	70000	7
Pdest_CA_v0.1-115	60000	80000	4
Pdest_CA_v0.1-115	70000	90000	4
Pdest_CA_v0.1-115	80000	100000	9
Pdest_CA_v0.1-115	90000	103527	8
Pdest_CA_v0.1-116	0	20000	7
Pdest_CA_v0.1-116	10000	30000	9
Pdest_CA_v0.1-116	20000	40000	10
Pdest_CA_v0.1-116	30000	50000	8
Pdest_CA_v0.1-116	40000	60000	8
Pdest_CA_v0.1-116	50000	70000	12
Pdest_CA_v0.1-116	60000	80000	14
Pdest_CA_v0.1-116	70000	90000	7
Pdest_CA_v0.1-116	80000	100000	3
Pdest_CA_v0.1-116	90000	102626	2
Pdest_CA_v0.1-117	0	20000	9
Pdest_CA_v0.1-117	10000	30000	12
Pdest_CA_v0.1-117	20000	40000	10
Pdest_CA_v0.1-117	30000	50000	7
Pdest_CA_v0.1-117	40000	60000	12
Pdest_CA_v0.1-117	50000	70000	16
Pdest_CA_v0.1-117	60000	80000	12
Pdest_CA_v0.1-117	70000	90000	8
Pdest_CA_v0.1-117	80000	100000	5
Pdest_CA_v0.1-117	90000	102532	1
Pdest_CA_v0.1-118	0	20000	5
Pdest_CA_v0.1-118	10000	30000	3
Pdest_CA_v0.1-118	20000	40000	4
Pdest_CA_v0.1-118	30000	50000	3
Pdest_CA_v0.1-118	40000	60000	3
Pdest_CA_v0.1-118	50000	70000	5
Pdest_CA_v0.1-118	60000	80000	7
Pdest_CA_v0.1-118	70000	90000	4
Pdest_CA_v0.1-118	80000	100000	0
Pdest_CA_v0.1-118	90000	102381	2
Pdest_CA_v0.1-119	0	20000	9
Pdest_CA_v0.1-119	10000	30000	11
Pdest_CA_v0.1-119	20000	40000	9
Pdest_CA_v0.1-119	30000	50000	4
Pdest_CA_v0.1-119	40000	60000	0
Pdest_CA_v0.1-119	50000	70000	2
Pdest_CA_v0.1-119	60000	80000	8
Pdest_CA_v0.1-119	70000	90000	11
Pdest_CA_v0.1-119	80000	100000	9
Pdest_CA_v0.1-119	90000	100681	5
Pdest_CA_v0.1-120	0	20000	8
Pdest_CA_v0.1-120	10000	30000	9
Pdest_CA_v0.1-120	20000	40000	7
Pdest_CA_v0.1-120	30000	50000	11
Pdest_CA_v0.1-120	40000	60000	10
Pdest_CA_v0.1-120	50000	70000	6
Pdest_CA_v0.1-120	60000	80000	8
Pdest_CA_v0.1-120	70000	90000	10
Pdest_CA_v0.1-120	80000	100000	8
Pdest_CA_v0.1-120	90000	100447	4
Pdest_CA_v0.1-121	0	20000	3
Pdest_CA_v0.1-121	10000	30000	7
Pdest_CA_v0.1-121	20000	40000	10
Pdest_CA_v0.1-121	30000	50000	6
Pdest_CA_v0.1-121	40000	60000	4
Pdest_CA_v0.1-121	50000	70000	6
Pdest_CA_v0.1-121	60000	80000	6
Pdest_CA_v0.1-121	70000	90000	6
Pdest_CA_v0.1-121	80000	100000	5
Pdest_CA_v0.1-121	90000	100253	2
Pdest_CA_v0.1-122	0	20000	16
Pdest_CA_v0.1-122	10000	30000	13
Pdest_CA_v0.1-122	20000	40000	15
Pdest_CA_v0.1-122	30000	50000	15
Pdest_CA_v0.1-122	40000	60000	11
Pdest_CA_v0.1-122	50000	70000	12
Pdest_CA_v0.1-122	60000	80000	16
Pdest_CA_v0.1-122	70000	90000	16
Pdest_CA_v0.1-122	80000	99921	15
Pdest_CA_v0.1-123	0	20000	3
Pdest_CA_v0.1-123	10000	30000	6
Pdest_CA_v0.1-123	20000	40000	8
Pdest_CA_v0.1-123	30000	50000	12
Pdest_CA_v0.1-123	40000	60000	11
Pdest_CA_v0.1-123	50000	70000	7
Pdest_CA_v0.1-123	60000	80000	6
Pdest_CA_v0.1-123	70000	90000	6
Pdest_CA_v0.1-123	80000	99350	6
Pdest_CA_v0.1-124	0	20000	5
Pdest_CA_v0.1-124	10000	30000	6
Pdest_CA_v0.1-124	20000	40000	5
Pdest_CA_v0.1-124	30000	50000	9
Pdest_CA_v0.1-124	40000	60000	11
Pdest_CA_v0.1-124	50000	70000	9
Pdest_CA_v0.1-124	60000	80000	9
Pdest_CA_v0.1-124	70000	90000	7
Pdest_CA_v0.1-124	80000	98038	10
Pdest_CA_v0.1-125	0	20000	10
Pdest_CA_v0.1-125	10000	30000	10
Pdest_CA_v0.1-125	20000	40000	9
Pdest_CA_v0.1-125	30000	50000	7
Pdest_CA_v0.1-125	40000	60000	5
Pdest_CA_v0.1-125	50000	70000	4
Pdest_CA_v0.1-125	60000	80000	7
Pdest_CA_v0.1-125	70000	90000	9
Pdest_CA_v0.1-125	80000	97395	8
Pdest_CA_v0.1-126	0	20000	5
Pdest_CA_v0.1-126	10000	30000	9
Pdest_CA_v0.1-126	20000	40000	11
Pdest_CA_v0.1-126	30000	50000	9
Pdest_CA_v0.1-126	40000	60000	5
Pdest_CA_v0.1-126	50000	70000	9
Pdest_CA_v0.1-126	60000	80000	10
Pdest_CA_v0.1-126	70000	90000	7
Pdest_CA_v0.1-126	80000	97140	5
Pdest_CA_v0.1-127	0	20000	9
Pdest_CA_v0.1-127	10000	30000	9
Pdest_CA_v0.1-127	20000	40000	7
Pdest_CA_v0.1-127	30000	50000	8
Pdest_CA_v0.1-127	40000	60000	7
Pdest_CA_v0.1-127	50000	70000	4
Pdest_CA_v0.1-127	60000	80000	4
Pdest_CA_v0.1-127	70000	90000	8
Pdest_CA_v0.1-127	80000	97101	7
Pdest_CA_v0.1-128	0	20000	8
Pdest_CA_v0.1-128	10000	30000	6
Pdest_CA_v0.1-128	20000	40000	4
Pdest_CA_v0.1-128	30000	50000	6
Pdest_CA_v0.1-128	40000	60000	8
Pdest_CA_v0.1-128	50000	70000	8
Pdest_CA_v0.1-128	60000	80000	5
Pdest_CA_v0.1-128	70000	90000	6
Pdest_CA_v0.1-128	80000	96930	5
Pdest_CA_v0.1-129	0	20000	9
Pdest_CA_v0.1-129	10000	30000	9
Pdest_CA_v0.1-129	20000	40000	7
Pdest_CA_v0.1-129	30000	50000	8
Pdest_CA_v0.1-129	40000	60000	9
Pdest_CA_v0.1-129	50000	70000	8
Pdest_CA_v0.1-129	60000	80000	9
Pdest_CA_v0.1-129	70000	90000	12
Pdest_CA_v0.1-129	80000	96112	10
Pdest_CA_v0.1-130	0	20000	9
Pdest_CA_v0.1-130	10000	30000	12
Pdest_CA_v0.1-130	20000	40000	7
Pdest_CA_v0.1-130	30000	50000	7
Pdest_CA_v0.1-130	40000	60000	10
Pdest_CA_v0.1-130	50000	70000	12
Pdest_CA_v0.1-130	60000	80000	6
Pdest_CA_v0.1-130	70000	90000	7
Pdest_CA_v0.1-130	80000	95026	6
Pdest_CA_v0.1-131	0	20000	10
Pdest_CA_v0.1-131	10000	30000	9
Pdest_CA_v0.1-131	20000	40000	10
Pdest_CA_v0.1-131	30000	50000	10
Pdest_CA_v0.1-131	40000	60000	5
Pdest_CA_v0.1-131	50000	70000	8
Pdest_CA_v0.1-131	60000	80000	10
Pdest_CA_v0.1-131	70000	90000	10
Pdest_CA_v0.1-131	80000	94885	6
Pdest_CA_v0.1-132	0	20000	8
Pdest_CA_v0.1-132	10000	30000	8
Pdest_CA_v0.1-132	20000	40000	4
Pdest_CA_v0.1-132	30000	50000	6
Pdest_CA_v0.1-132	40000	60000	8
Pdest_CA_v0.1-132	50000	70000	5
Pdest_CA_v0.1-132	60000	80000	5
Pdest_CA_v0.1-132	70000	90000	10
Pdest_CA_v0.1-132	80000	92900	7
Pdest_CA_v0.1-133	0	20000	8
Pdest_CA_v0.1-133	10000	30000	10
Pdest_CA_v0.1-133	20000	40000	7
Pdest_CA_v0.1-133	30000	50000	9
Pdest_CA_v0.1-133	40000	60000	6
Pdest_CA_v0.1-133	50000	70000	5
Pdest_CA_v0.1-133	60000	80000	7
Pdest_CA_v0.1-133	70000	90000	8
Pdest_CA_v0.1-133	80000	92776	5
Pdest_CA_v0.1-134	0	20000	4
Pdest_CA_v0.1-134	10000	30000	10
Pdest_CA_v0.1-134	20000	40000	7
Pdest_CA_v0.1-134	30000	50000	5
Pdest_CA_v0.1-134	40000	60000	6
Pdest_CA_v0.1-134	50000	70000	4
Pdest_CA_v0.1-134	60000	80000	10
Pdest_CA_v0.1-134	70000	90000	12
Pdest_CA_v0.1-134	80000	91730	5
Pdest_CA_v0.1-135	0	20000	5
Pdest_CA_v0.1-135	10000	30000	8
Pdest_CA_v0.1-135	20000	40000	8
Pdest_CA_v0.1-135	30000	50000	10
Pdest_CA_v0.1-135	40000	60000	8
Pdest_CA_v0.1-135	50000	70000	3
Pdest_CA_v0.1-135	60000	80000	5
Pdest_CA_v0.1-135	70000	90000	9
Pdest_CA_v0.1-135	80000	91367	5
Pdest_CA_v0.1-136	0	20000	5
Pdest_CA_v0.1-136	10000	30000	9
Pdest_CA_v0.1-136	20000	40000	11
Pdest_CA_v0.1-136	30000	50000	12
Pdest_CA_v0.1-136	40000	60000	10
Pdest_CA_v0.1-136	50000	70000	11
Pdest_CA_v0.1-136	60000	80000	9
Pdest_CA_v0.1-136	70000	89794	4
Pdest_CA_v0.1-137	0	20000	11
Pdest_CA_v0.1-137	10000	30000	7
Pdest_CA_v0.1-137	20000	40000	9
Pdest_CA_v0.1-137	30000	50000	7
Pdest_CA_v0.1-137	40000	60000	5
Pdest_CA_v0.1-137	50000	70000	5
Pdest_CA_v0.1-137	60000	80000	7
Pdest_CA_v0.1-137	70000	88461	7
Pdest_CA_v0.1-138	0	20000	2
Pdest_CA_v0.1-138	10000	30000	3
Pdest_CA_v0.1-138	20000	40000	3
Pdest_CA_v0.1-138	30000	50000	5
Pdest_CA_v0.1-138	40000	60000	5
Pdest_CA_v0.1-138	50000	70000	5
Pdest_CA_v0.1-138	60000	80000	5
Pdest_CA_v0.1-138	70000	87660	4
Pdest_CA_v0.1-139	0	20000	6
Pdest_CA_v0.1-139	10000	30000	2
Pdest_CA_v0.1-139	20000	40000	5
Pdest_CA_v0.1-139	30000	50000	12
Pdest_CA_v0.1-139	40000	60000	13
Pdest_CA_v0.1-139	50000	70000	13
Pdest_CA_v0.1-139	60000	80000	14
Pdest_CA_v0.1-139	70000	86865	13
Pdest_CA_v0.1-140	0	20000	7
Pdest_CA_v0.1-140	10000	30000	7
Pdest_CA_v0.1-140	20000	40000	10
Pdest_CA_v0.1-140	30000	50000	12
Pdest_CA_v0.1-140	40000	60000	9
Pdest_CA_v0.1-140	50000	70000	9
Pdest_CA_v0.1-140	60000	80000	11
Pdest_CA_v0.1-140	70000	86116	8
Pdest_CA_v0.1-141	0	20000	5
Pdest_CA_v0.1-141	10000	30000	6
Pdest_CA_v0.1-141	20000	40000	8
Pdest_CA_v0.1-141	30000	50000	15
Pdest_CA_v0.1-141	40000	60000	8
Pdest_CA_v0.1-141	50000	70000	4
Pdest_CA_v0.1-141	60000	80000	6
Pdest_CA_v0.1-141	70000	84524	5
Pdest_CA_v0.1-142	0	20000	11
Pdest_CA_v0.1-142	10000	30000	10
Pdest_CA_v0.1-142	20000	40000	7
Pdest_CA_v0.1-142	30000	50000	8
Pdest_CA_v0.1-142	40000	60000	12
Pdest_CA_v0.1-142	50000	70000	9
Pdest_CA_v0.1-142	60000	80000	4
Pdest_CA_v0.1-142	70000	83858	2
Pdest_CA_v0.1-143	0	20000	5
Pdest_CA_v0.1-143	10000	30000	5
Pdest_CA_v0.1-143	20000	40000	8
Pdest_CA_v0.1-143	30000	50000	8
Pdest_CA_v0.1-143	40000	60000	6
Pdest_CA_v0.1-143	50000	70000	8
Pdest_CA_v0.1-143	60000	80000	8
Pdest_CA_v0.1-143	70000	82092	4
Pdest_CA_v0.1-144	0	20000	7
Pdest_CA_v0.1-144	10000	30000	7
Pdest_CA_v0.1-144	20000	40000	8
Pdest_CA_v0.1-144	30000	50000	11
Pdest_CA_v0.1-144	40000	60000	8
Pdest_CA_v0.1-144	50000	70000	5
Pdest_CA_v0.1-144	60000	80000	4
Pdest_CA_v0.1-144	70000	81165	0
Pdest_CA_v0.1-145	0	20000	8
Pdest_CA_v0.1-145	10000	30000	8
Pdest_CA_v0.1-145	20000	40000	11
Pdest_CA_v0.1-145	30000	50000	13
Pdest_CA_v0.1-145	40000	60000	11
Pdest_CA_v0.1-145	50000	70000	9
Pdest_CA_v0.1-145	60000	79722	9
Pdest_CA_v0.1-146	0	20000	10
Pdest_CA_v0.1-146	10000	30000	6
Pdest_CA_v0.1-146	20000	40000	6
Pdest_CA_v0.1-146	30000	50000	9
Pdest_CA_v0.1-146	40000	60000	8
Pdest_CA_v0.1-146	50000	70000	5
Pdest_CA_v0.1-146	60000	79381	6
Pdest_CA_v0.1-147	0	20000	2
Pdest_CA_v0.1-147	10000	30000	0
Pdest_CA_v0.1-147	20000	40000	2
Pdest_CA_v0.1-147	30000	50000	6
Pdest_CA_v0.1-147	40000	60000	10
Pdest_CA_v0.1-147	50000	70000	6
Pdest_CA_v0.1-147	60000	78156	2
Pdest_CA_v0.1-148	0	20000	6
Pdest_CA_v0.1-148	10000	30000	8
Pdest_CA_v0.1-148	20000	40000	7
Pdest_CA_v0.1-148	30000	50000	10
Pdest_CA_v0.1-148	40000	60000	10
Pdest_CA_v0.1-148	50000	70000	10
Pdest_CA_v0.1-148	60000	77277	5
Pdest_CA_v0.1-149	0	20000	6
Pdest_CA_v0.1-149	10000	30000	3
Pdest_CA_v0.1-149	20000	40000	4
Pdest_CA_v0.1-149	30000	50000	5
Pdest_CA_v0.1-149	40000	60000	5
Pdest_CA_v0.1-149	50000	70000	6
Pdest_CA_v0.1-149	60000	76884	6
Pdest_CA_v0.1-150	0	20000	2
Pdest_CA_v0.1-150	10000	30000	5
Pdest_CA_v0.1-150	20000	40000	10
Pdest_CA_v0.1-150	30000	50000	10
Pdest_CA_v0.1-150	40000	60000	9
Pdest_CA_v0.1-150	50000	70000	10
Pdest_CA_v0.1-150	60000	76128	7
Pdest_CA_v0.1-151	0	20000	7
Pdest_CA_v0.1-151	10000	30000	6
Pdest_CA_v0.1-151	20000	40000	3
Pdest_CA_v0.1-151	30000	50000	3
Pdest_CA_v0.1-151	40000	60000	5
Pdest_CA_v0.1-151	50000	70000	7
Pdest_CA_v0.1-151	60000	76056	9
Pdest_CA_v0.1-152	0	20000	1
Pdest_CA_v0.1-152	10000	30000	5
Pdest_CA_v0.1-152	20000	40000	6
Pdest_CA_v0.1-152	30000	50000	4
Pdest_CA_v0.1-152	40000	60000	2
Pdest_CA_v0.1-152	50000	70000	4
Pdest_CA_v0.1-152	60000	73906	4
Pdest_CA_v0.1-153	0	20000	11
Pdest_CA_v0.1-153	10000	30000	12
Pdest_CA_v0.1-153	20000	40000	9
Pdest_CA_v0.1-153	30000	50000	9
Pdest_CA_v0.1-153	40000	60000	9
Pdest_CA_v0.1-153	50000	70000	6
Pdest_CA_v0.1-153	60000	73699	3
Pdest_CA_v0.1-154	0	20000	12
Pdest_CA_v0.1-154	10000	30000	8
Pdest_CA_v0.1-154	20000	40000	6
Pdest_CA_v0.1-154	30000	50000	9
Pdest_CA_v0.1-154	40000	60000	10
Pdest_CA_v0.1-154	50000	70000	9
Pdest_CA_v0.1-154	60000	73038	3
Pdest_CA_v0.1-155	0	20000	2
Pdest_CA_v0.1-155	10000	30000	4
Pdest_CA_v0.1-155	20000	40000	3
Pdest_CA_v0.1-155	30000	50000	2
Pdest_CA_v0.1-155	40000	60000	6
Pdest_CA_v0.1-155	50000	70000	9
Pdest_CA_v0.1-155	60000	72412	4
Pdest_CA_v0.1-156	0	20000	4
Pdest_CA_v0.1-156	10000	30000	4
Pdest_CA_v0.1-156	20000	40000	7
Pdest_CA_v0.1-156	30000	50000	9
Pdest_CA_v0.1-156	40000	60000	5
Pdest_CA_v0.1-156	50000	70000	6
Pdest_CA_v0.1-156	60000	71665	6
Pdest_CA_v0.1-157	0	20000	8
Pdest_CA_v0.1-157	10000	30000	6
Pdest_CA_v0.1-157	20000	40000	6
Pdest_CA_v0.1-157	30000	50000	8
Pdest_CA_v0.1-157	40000	60000	8
Pdest_CA_v0.1-157	50000	70000	8
Pdest_CA_v0.1-157	60000	71124	5
Pdest_CA_v0.1-158	0	20000	11
Pdest_CA_v0.1-158	10000	30000	9
Pdest_CA_v0.1-158	20000	40000	7
Pdest_CA_v0.1-158	30000	50000	7
Pdest_CA_v0.1-158	40000	60000	11
Pdest_CA_v0.1-158	50000	70000	11
Pdest_CA_v0.1-158	60000	70399	5
Pdest_CA_v0.1-159	0	20000	6
Pdest_CA_v0.1-159	10000	30000	5
Pdest_CA_v0.1-159	20000	40000	7
Pdest_CA_v0.1-159	30000	50000	9
Pdest_CA_v0.1-159	40000	60000	10
Pdest_CA_v0.1-159	50000	69614	12
Pdest_CA_v0.1-160	0	20000	4
Pdest_CA_v0.1-160	10000	30000	6
Pdest_CA_v0.1-160	20000	40000	9
Pdest_CA_v0.1-160	30000	50000	9
Pdest_CA_v0.1-160	40000	60000	10
Pdest_CA_v0.1-160	50000	68839	6
Pdest_CA_v0.1-161	0	20000	6
Pdest_CA_v0.1-161	10000	30000	7
Pdest_CA_v0.1-161	20000	40000	8
Pdest_CA_v0.1-161	30000	50000	7
Pdest_CA_v0.1-161	40000	60000	7
Pdest_CA_v0.1-161	50000	68034	8
Pdest_CA_v0.1-162	0	20000	2
Pdest_CA_v0.1-162	10000	30000	5
Pdest_CA_v0.1-162	20000	40000	9
Pdest_CA_v0.1-162	30000	50000	9
Pdest_CA_v0.1-162	40000	60000	11
Pdest_CA_v0.1-162	50000	67149	11
Pdest_CA_v0.1-163	0	20000	7
Pdest_CA_v0.1-163	10000	30000	9
Pdest_CA_v0.1-163	20000	40000	8
Pdest_CA_v0.1-163	30000	50000	10
Pdest_CA_v0.1-163	40000	60000	9
Pdest_CA_v0.1-163	50000	66636	5
Pdest_CA_v0.1-164	0	20000	3
Pdest_CA_v0.1-164	10000	30000	5
Pdest_CA_v0.1-164	20000	40000	3
Pdest_CA_v0.1-164	30000	50000	3
Pdest_CA_v0.1-164	40000	60000	2
Pdest_CA_v0.1-164	50000	66316	1
Pdest_CA_v0.1-165	0	20000	9
Pdest_CA_v0.1-165	10000	30000	6
Pdest_CA_v0.1-165	20000	40000	6
Pdest_CA_v0.1-165	30000	50000	7
Pdest_CA_v0.1-165	40000	60000	6
Pdest_CA_v0.1-165	50000	66206	4
Pdest_CA_v0.1-166	0	20000	2
Pdest_CA_v0.1-166	10000	30000	4
Pdest_CA_v0.1-166	20000	40000	3
Pdest_CA_v0.1-166	30000	50000	3
Pdest_CA_v0.1-166	40000	60000	4
Pdest_CA_v0.1-166	50000	65642	3
Pdest_CA_v0.1-167	0	20000	7
Pdest_CA_v0.1-167	10000	30000	10
Pdest_CA_v0.1-167	20000	40000	11
Pdest_CA_v0.1-167	30000	50000	10
Pdest_CA_v0.1-167	40000	60000	5
Pdest_CA_v0.1-167	50000	65629	1
Pdest_CA_v0.1-168	0	20000	6
Pdest_CA_v0.1-168	10000	30000	9
Pdest_CA_v0.1-168	20000	40000	8
Pdest_CA_v0.1-168	30000	50000	8
Pdest_CA_v0.1-168	40000	60000	8
Pdest_CA_v0.1-168	50000	64845	8
Pdest_CA_v0.1-169	0	20000	9
Pdest_CA_v0.1-169	10000	30000	10
Pdest_CA_v0.1-169	20000	40000	9
Pdest_CA_v0.1-169	30000	50000	5
Pdest_CA_v0.1-169	40000	60000	4
Pdest_CA_v0.1-169	50000	64567	4
Pdest_CA_v0.1-170	0	20000	7
Pdest_CA_v0.1-170	10000	30000	4
Pdest_CA_v0.1-170	20000	40000	5
Pdest_CA_v0.1-170	30000	50000	6
Pdest_CA_v0.1-170	40000	60000	7
Pdest_CA_v0.1-170	50000	64470	5
Pdest_CA_v0.1-171	0	20000	12
Pdest_CA_v0.1-171	10000	30000	7
Pdest_CA_v0.1-171	20000	40000	7
Pdest_CA_v0.1-171	30000	50000	7
Pdest_CA_v0.1-171	40000	60000	6
Pdest_CA_v0.1-171	50000	64297	5
Pdest_CA_v0.1-172	0	20000	6
Pdest_CA_v0.1-172	10000	30000	10
Pdest_CA_v0.1-172	20000	40000	7
Pdest_CA_v0.1-172	30000	50000	9
Pdest_CA_v0.1-172	40000	60000	10
Pdest_CA_v0.1-172	50000	64104	5
Pdest_CA_v0.1-173	0	20000	10
Pdest_CA_v0.1-173	10000	30000	7
Pdest_CA_v0.1-173	20000	40000	7
Pdest_CA_v0.1-173	30000	50000	9
Pdest_CA_v0.1-173	40000	60000	8
Pdest_CA_v0.1-173	50000	63582	8
Pdest_CA_v0.1-174	0	20000	4
Pdest_CA_v0.1-174	10000	30000	8
Pdest_CA_v0.1-174	20000	40000	6
Pdest_CA_v0.1-174	30000	50000	6
Pdest_CA_v0.1-174	40000	60000	8
Pdest_CA_v0.1-174	50000	62828	4
Pdest_CA_v0.1-175	0	20000	1
Pdest_CA_v0.1-175	10000	30000	4
Pdest_CA_v0.1-175	20000	40000	9
Pdest_CA_v0.1-175	30000	50000	7
Pdest_CA_v0.1-175	40000	60000	7
Pdest_CA_v0.1-175	50000	62576	6
Pdest_CA_v0.1-176	0	20000	6
Pdest_CA_v0.1-176	10000	30000	5
Pdest_CA_v0.1-176	20000	40000	6
Pdest_CA_v0.1-176	30000	50000	4
Pdest_CA_v0.1-176	40000	60000	1
Pdest_CA_v0.1-176	50000	62543	1
Pdest_CA_v0.1-177	0	20000	7
Pdest_CA_v0.1-177	10000	30000	6
Pdest_CA_v0.1-177	20000	40000	3
Pdest_CA_v0.1-177	30000	50000	2
Pdest_CA_v0.1-177	40000	60000	2
Pdest_CA_v0.1-178	0	20000	4
Pdest_CA_v0.1-178	10000	30000	5
Pdest_CA_v0.1-178	20000	40000	6
Pdest_CA_v0.1-178	30000	50000	6
Pdest_CA_v0.1-178	40000	60000	5
Pdest_CA_v0.1-178	50000	61439	2
Pdest_CA_v0.1-179	0	20000	3
Pdest_CA_v0.1-179	10000	30000	8
Pdest_CA_v0.1-179	20000	40000	11
Pdest_CA_v0.1-179	30000	50000	6
Pdest_CA_v0.1-179	40000	60000	4
Pdest_CA_v0.1-179	50000	61360	2
Pdest_CA_v0.1-180	0	20000	8
Pdest_CA_v0.1-180	10000	30000	8
Pdest_CA_v0.1-180	20000	40000	10
Pdest_CA_v0.1-180	30000	50000	9
Pdest_CA_v0.1-180	40000	60000	8
Pdest_CA_v0.1-180	50000	60678	6
Pdest_CA_v0.1-181	0	20000	7
Pdest_CA_v0.1-181	10000	30000	11
Pdest_CA_v0.1-181	20000	40000	10
Pdest_CA_v0.1-181	30000	50000	9
Pdest_CA_v0.1-181	40000	59970	8
Pdest_CA_v0.1-182	0	20000	9
Pdest_CA_v0.1-182	10000	30000	10
Pdest_CA_v0.1-182	20000	40000	7
Pdest_CA_v0.1-182	30000	50000	5
Pdest_CA_v0.1-182	40000	59148	2
Pdest_CA_v0.1-183	0	20000	5
Pdest_CA_v0.1-183	10000	30000	5
Pdest_CA_v0.1-183	20000	40000	6
Pdest_CA_v0.1-183	30000	50000	5
Pdest_CA_v0.1-183	40000	58992	2
Pdest_CA_v0.1-184	0	20000	12
Pdest_CA_v0.1-184	10000	30000	9
Pdest_CA_v0.1-184	20000	40000	6
Pdest_CA_v0.1-184	30000	50000	7
Pdest_CA_v0.1-184	40000	58927	10
Pdest_CA_v0.1-185	0	20000	2
Pdest_CA_v0.1-185	10000	30000	5
Pdest_CA_v0.1-185	20000	40000	7
Pdest_CA_v0.1-185	30000	50000	10
Pdest_CA_v0.1-185	40000	58774	8
Pdest_CA_v0.1-186	0	20000	5
Pdest_CA_v0.1-186	10000	30000	6
Pdest_CA_v0.1-186	20000	40000	10
Pdest_CA_v0.1-186	30000	50000	12
Pdest_CA_v0.1-186	40000	58360	8
Pdest_CA_v0.1-187	0	20000	7
Pdest_CA_v0.1-187	10000	30000	9
Pdest_CA_v0.1-187	20000	40000	6
Pdest_CA_v0.1-187	30000	50000	6
Pdest_CA_v0.1-187	40000	55652	7
Pdest_CA_v0.1-188	0	20000	7
Pdest_CA_v0.1-188	10000	30000	9
Pdest_CA_v0.1-188	20000	40000	8
Pdest_CA_v0.1-188	30000	50000	6
Pdest_CA_v0.1-188	40000	55604	5
Pdest_CA_v0.1-189	0	20000	6
Pdest_CA_v0.1-189	10000	30000	11
Pdest_CA_v0.1-189	20000	40000	7
Pdest_CA_v0.1-189	30000	50000	5
Pdest_CA_v0.1-189	40000	54654	3
Pdest_CA_v0.1-190	0	20000	6
Pdest_CA_v0.1-190	10000	30000	8
Pdest_CA_v0.1-190	20000	40000	10
Pdest_CA_v0.1-190	30000	50000	9
Pdest_CA_v0.1-190	40000	54295	7
Pdest_CA_v0.1-191	0	20000	8
Pdest_CA_v0.1-191	10000	30000	11
Pdest_CA_v0.1-191	20000	40000	8
Pdest_CA_v0.1-191	30000	50000	6
Pdest_CA_v0.1-191	40000	54131	5
Pdest_CA_v0.1-192	0	20000	11
Pdest_CA_v0.1-192	10000	30000	10
Pdest_CA_v0.1-192	20000	40000	8
Pdest_CA_v0.1-192	30000	50000	9
Pdest_CA_v0.1-192	40000	54090	6
Pdest_CA_v0.1-193	0	20000	5
Pdest_CA_v0.1-193	10000	30000	4
Pdest_CA_v0.1-193	20000	40000	3
Pdest_CA_v0.1-193	30000	50000	7
Pdest_CA_v0.1-193	40000	54000	5
Pdest_CA_v0.1-194	0	20000	6
Pdest_CA_v0.1-194	10000	30000	7
Pdest_CA_v0.1-194	20000	40000	7
Pdest_CA_v0.1-194	30000	50000	10
Pdest_CA_v0.1-194	40000	52471	6
Pdest_CA_v0.1-195	0	20000	5
Pdest_CA_v0.1-195	10000	30000	8
Pdest_CA_v0.1-195	20000	40000	10
Pdest_CA_v0.1-195	30000	50000	5
Pdest_CA_v0.1-195	40000	52142	0
Pdest_CA_v0.1-196	0	20000	10
Pdest_CA_v0.1-196	10000	30000	10
Pdest_CA_v0.1-196	20000	40000	7
Pdest_CA_v0.1-196	30000	50000	4
Pdest_CA_v0.1-196	40000	51866	2
Pdest_CA_v0.1-197	0	20000	8
Pdest_CA_v0.1-197	10000	30000	9
Pdest_CA_v0.1-197	20000	40000	7
Pdest_CA_v0.1-197	30000	50000	7
Pdest_CA_v0.1-197	40000	51384	3
Pdest_CA_v0.1-198	0	20000	4
Pdest_CA_v0.1-198	10000	30000	6
Pdest_CA_v0.1-198	20000	40000	9
Pdest_CA_v0.1-198	30000	50000	9
Pdest_CA_v0.1-198	40000	51340	5
Pdest_CA_v0.1-819	0	20000	7
Pdest_CA_v0.1-819	10000	30000	8
Pdest_CA_v0.1-819	20000	40000	7
Pdest_CA_v0.1-819	30000	50000	5
Pdest_CA_v0.1-819	40000	60000	8
Pdest_CA_v0.1-819	50000	70000	13
Pdest_CA_v0.1-819	60000	80000	13
Pdest_CA_v0.1-819	70000	90000	11
Pdest_CA_v0.1-819	80000	100000	10
Pdest_CA_v0.1-819	90000	110000	9
Pdest_CA_v0.1-819	100000	120000	6
Pdest_CA_v0.1-819	110000	130000	5
Pdest_CA_v0.1-819	120000	140000	4
Pdest_CA_v0.1-819	130000	144210	3
Pdest_CA_v0.1-820	0	20000	13
Pdest_CA_v0.1-820	10000	30000	11
Pdest_CA_v0.1-820	20000	40000	8
Pdest_CA_v0.1-820	30000	50000	9
Pdest_CA_v0.1-820	40000	60000	7
Pdest_CA_v0.1-820	50000	70000	7
Pdest_CA_v0.1-820	60000	80000	8
Pdest_CA_v0.1-820	70000	90000	12
Pdest_CA_v0.1-820	80000	100000	13
Pdest_CA_v0.1-820	90000	110000	8
Pdest_CA_v0.1-820	100000	120000	10
Pdest_CA_v0.1-820	110000	130000	10
Pdest_CA_v0.1-820	120000	132462	5
Pdest_CA_v0.1-821	0	20000	9
Pdest_CA_v0.1-821	10000	30000	11
Pdest_CA_v0.1-821	20000	40000	8
Pdest_CA_v0.1-821	30000	50000	7
Pdest_CA_v0.1-821	40000	60000	9
Pdest_CA_v0.1-821	50000	70000	10
Pdest_CA_v0.1-821	60000	80000	10
Pdest_CA_v0.1-821	70000	90000	6
Pdest_CA_v0.1-821	80000	96991	3
Pdest_CA_v0.1-822	0	20000	4
Pdest_CA_v0.1-822	10000	30000	5
Pdest_CA_v0.1-822	20000	40000	6
Pdest_CA_v0.1-822	30000	50000	9
Pdest_CA_v0.1-822	40000	60000	6
Pdest_CA_v0.1-822	50000	70000	6
Pdest_CA_v0.1-822	60000	78889	8
Pdest_CA_v0.1-823	0	20000	6
Pdest_CA_v0.1-823	10000	30000	6
Pdest_CA_v0.1-823	20000	40000	8
Pdest_CA_v0.1-823	30000	50000	8
Pdest_CA_v0.1-823	40000	51202	4
