Pdest_CA_v0.1-10 0 20000 0
Pdest_CA_v0.1-10 100000 120000 0.1752
Pdest_CA_v0.1-10 10000 30000 0.0984
Pdest_CA_v0.1-10 110000 130000 0.1681
Pdest_CA_v0.1-10 120000 140000 0.0397
Pdest_CA_v0.1-10 130000 150000 0
Pdest_CA_v0.1-10 140000 160000 0.06435
Pdest_CA_v0.1-10 150000 170000 0.1699
Pdest_CA_v0.1-10 160000 180000 0.160561
Pdest_CA_v0.1-10 170000 190000 0.383133
Pdest_CA_v0.1-10 180000 200000 0.40305
Pdest_CA_v0.1-10 190000 209227 0.383783
Pdest_CA_v0.1-10 20000 40000 0.306957
Pdest_CA_v0.1-10 30000 50000 0.288088
Pdest_CA_v0.1-10 40000 60000 0.22365
Pdest_CA_v0.1-10 50000 70000 0.22195
Pdest_CA_v0.1-10 60000 80000 0.07785
Pdest_CA_v0.1-10 70000 90000 0
Pdest_CA_v0.1-10 80000 100000 0
Pdest_CA_v0.1-10 90000 110000 0.0468
Pdest_CA_v0.1-101 0 20000 0.2
Pdest_CA_v0.1-101 100000 120000 0.29595
Pdest_CA_v0.1-101 10000 30000 0.14685
Pdest_CA_v0.1-101 110000 128192 0.283971
Pdest_CA_v0.1-101 20000 40000 0.30175
Pdest_CA_v0.1-101 30000 50000 0.3472
Pdest_CA_v0.1-101 40000 60000 0.04545
Pdest_CA_v0.1-101 50000 70000 0.0247
Pdest_CA_v0.1-101 60000 80000 0.0337
Pdest_CA_v0.1-101 70000 90000 0.0138
Pdest_CA_v0.1-101 80000 100000 0.0048
Pdest_CA_v0.1-101 90000 110000 0.1823
Pdest_CA_v0.1-103 0 20000 0.306406
Pdest_CA_v0.1-103 100000 120000 0.25265
Pdest_CA_v0.1-103 10000 30000 0.0280781
Pdest_CA_v0.1-103 110000 120791 0.506811
Pdest_CA_v0.1-103 20000 40000 0.0280781
Pdest_CA_v0.1-103 30000 50000 0.0991
Pdest_CA_v0.1-103 40000 60000 0.24725
Pdest_CA_v0.1-103 50000 70000 0.2005
Pdest_CA_v0.1-103 60000 80000 0.085
Pdest_CA_v0.1-103 70000 90000 0.125
Pdest_CA_v0.1-103 80000 100000 0.1132
Pdest_CA_v0.1-103 90000 110000 0.0396
Pdest_CA_v0.1-105 0 20000 0
Pdest_CA_v0.1-105 100000 119621 0.549004
Pdest_CA_v0.1-105 10000 30000 0
Pdest_CA_v0.1-105 20000 40000 0
Pdest_CA_v0.1-105 30000 50000 0.01985
Pdest_CA_v0.1-105 40000 60000 0.1942
Pdest_CA_v0.1-105 50000 70000 0.55395
Pdest_CA_v0.1-105 60000 80000 0.39845
Pdest_CA_v0.1-105 70000 90000 0.01885
Pdest_CA_v0.1-105 80000 100000 0
Pdest_CA_v0.1-105 90000 110000 0.30965
Pdest_CA_v0.1-107 0 20000 0.01545
Pdest_CA_v0.1-107 100000 117070 0.517442
Pdest_CA_v0.1-107 10000 30000 0.09885
Pdest_CA_v0.1-107 20000 40000 0.2297
Pdest_CA_v0.1-107 30000 50000 0.14025
Pdest_CA_v0.1-107 40000 60000 0.3183
Pdest_CA_v0.1-107 50000 70000 0.3089
Pdest_CA_v0.1-107 60000 80000 0.09435
Pdest_CA_v0.1-107 70000 90000 0.266838
Pdest_CA_v0.1-107 80000 100000 0.86836
Pdest_CA_v0.1-109 0 20000 0.35085
Pdest_CA_v0.1-109 100000 115891 0.33432
Pdest_CA_v0.1-109 10000 30000 0
Pdest_CA_v0.1-109 20000 40000 0.03945
Pdest_CA_v0.1-109 30000 50000 0.0694194
Pdest_CA_v0.1-109 40000 60000 0.158208
Pdest_CA_v0.1-109 50000 70000 0.2354
Pdest_CA_v0.1-109 60000 80000 0.1467
Pdest_CA_v0.1-109 70000 90000 0.26305
Pdest_CA_v0.1-109 80000 100000 0.2236
Pdest_CA_v0.1-109 90000 110000 0.0918
Pdest_CA_v0.1-111 0 20000 0.03805
Pdest_CA_v0.1-111 10000 30000 0.04195
Pdest_CA_v0.1-111 20000 40000 0.2557
Pdest_CA_v0.1-111 30000 50000 0.25015
Pdest_CA_v0.1-111 40000 60000 0.0195
Pdest_CA_v0.1-111 50000 70000 0.0568
Pdest_CA_v0.1-111 60000 80000 0.04195
Pdest_CA_v0.1-111 70000 90000 0
Pdest_CA_v0.1-111 80000 100000 0.04085
Pdest_CA_v0.1-111 90000 108071 0.0551713
Pdest_CA_v0.1-113 0 20000 0.3657
Pdest_CA_v0.1-113 10000 30000 0
Pdest_CA_v0.1-113 20000 40000 0.1117
Pdest_CA_v0.1-113 30000 50000 0.12805
Pdest_CA_v0.1-113 40000 60000 0.132933
Pdest_CA_v0.1-113 50000 70000 0.534935
Pdest_CA_v0.1-113 60000 80000 0.41795
Pdest_CA_v0.1-113 70000 90000 0
Pdest_CA_v0.1-113 80000 100000 0.00325
Pdest_CA_v0.1-113 90000 105301 0.104699
Pdest_CA_v0.1-115 0 20000 0.44305
Pdest_CA_v0.1-115 10000 30000 0.0467
Pdest_CA_v0.1-115 20000 40000 0.0671
Pdest_CA_v0.1-115 30000 50000 0.04605
Pdest_CA_v0.1-115 40000 60000 0
Pdest_CA_v0.1-115 50000 70000 0.05655
Pdest_CA_v0.1-115 60000 80000 0.30435
Pdest_CA_v0.1-115 70000 90000 0.2478
Pdest_CA_v0.1-115 80000 100000 0
Pdest_CA_v0.1-115 90000 103527 0
Pdest_CA_v0.1-117 0 20000 0.1904
Pdest_CA_v0.1-117 10000 30000 0.01565
Pdest_CA_v0.1-117 20000 40000 0.0053
Pdest_CA_v0.1-117 30000 50000 0
Pdest_CA_v0.1-117 40000 60000 0.0042
Pdest_CA_v0.1-117 50000 70000 0.0469
Pdest_CA_v0.1-117 60000 80000 0.0427
Pdest_CA_v0.1-117 70000 90000 0.02505
Pdest_CA_v0.1-117 80000 100000 0.36065
Pdest_CA_v0.1-117 90000 102532 0.575407
Pdest_CA_v0.1-119 0 20000 0.1025
Pdest_CA_v0.1-119 10000 30000 0
Pdest_CA_v0.1-119 20000 40000 0.19145
Pdest_CA_v0.1-119 30000 50000 0.654004
Pdest_CA_v0.1-119 40000 60000 0.937876
Pdest_CA_v0.1-119 50000 70000 0.791942
Pdest_CA_v0.1-119 60000 80000 0.31705
Pdest_CA_v0.1-119 70000 90000 0
Pdest_CA_v0.1-119 80000 100000 0
Pdest_CA_v0.1-119 90000 100681 0.0513997
Pdest_CA_v0.1-12 0 20000 0.4491
Pdest_CA_v0.1-12 100000 120000 0
Pdest_CA_v0.1-12 10000 30000 0.576326
Pdest_CA_v0.1-12 110000 130000 0.147
Pdest_CA_v0.1-12 120000 140000 0.147
Pdest_CA_v0.1-12 130000 150000 0
Pdest_CA_v0.1-12 140000 160000 0
Pdest_CA_v0.1-12 150000 170000 0.2504
Pdest_CA_v0.1-12 160000 180000 0.30115
Pdest_CA_v0.1-12 170000 190000 0.13765
Pdest_CA_v0.1-12 180000 192178 0.142716
Pdest_CA_v0.1-12 20000 40000 0.34975
Pdest_CA_v0.1-12 30000 50000 0.0126627
Pdest_CA_v0.1-12 40000 60000 0
Pdest_CA_v0.1-12 50000 70000 0.1331
Pdest_CA_v0.1-12 60000 80000 0.33515
Pdest_CA_v0.1-12 70000 90000 0.20205
Pdest_CA_v0.1-12 80000 100000 0
Pdest_CA_v0.1-12 90000 110000 0
Pdest_CA_v0.1-121 0 20000 0.33045
Pdest_CA_v0.1-121 10000 30000 0.0754
Pdest_CA_v0.1-121 20000 40000 0.00205
Pdest_CA_v0.1-121 30000 50000 0.2073
Pdest_CA_v0.1-121 40000 60000 0.3833
Pdest_CA_v0.1-121 50000 70000 0.17805
Pdest_CA_v0.1-121 60000 80000 0
Pdest_CA_v0.1-121 70000 90000 0
Pdest_CA_v0.1-121 80000 100000 0.26795
Pdest_CA_v0.1-121 90000 100253 0.522676
Pdest_CA_v0.1-123 0 20000 0.54655
Pdest_CA_v0.1-123 10000 30000 0.1879
Pdest_CA_v0.1-123 20000 40000 0.0358
Pdest_CA_v0.1-123 30000 50000 0
Pdest_CA_v0.1-123 40000 60000 0.00585
Pdest_CA_v0.1-123 50000 70000 0.02925
Pdest_CA_v0.1-123 60000 80000 0.0534
Pdest_CA_v0.1-123 70000 90000 0.03
Pdest_CA_v0.1-123 80000 99350 0.200362
Pdest_CA_v0.1-125 0 20000 0.0076
Pdest_CA_v0.1-125 10000 30000 0.0076
Pdest_CA_v0.1-125 20000 40000 0.0228
Pdest_CA_v0.1-125 30000 50000 0.03075
Pdest_CA_v0.1-125 40000 60000 0.41015
Pdest_CA_v0.1-125 50000 70000 0.6378
Pdest_CA_v0.1-125 60000 80000 0.2356
Pdest_CA_v0.1-125 70000 90000 0.00385
Pdest_CA_v0.1-125 80000 97395 0.0168439
Pdest_CA_v0.1-127 0 20000 0.07665
Pdest_CA_v0.1-127 10000 30000 0.0718
Pdest_CA_v0.1-127 20000 40000 0
Pdest_CA_v0.1-127 30000 50000 0
Pdest_CA_v0.1-127 40000 60000 0.08615
Pdest_CA_v0.1-127 50000 70000 0.4654
Pdest_CA_v0.1-127 60000 80000 0.6254
Pdest_CA_v0.1-127 70000 90000 0.25095
Pdest_CA_v0.1-127 80000 97101 0.00561371
Pdest_CA_v0.1-129 0 20000 0.02465
Pdest_CA_v0.1-129 10000 30000 0.0483
Pdest_CA_v0.1-129 20000 40000 0.0289
Pdest_CA_v0.1-129 30000 50000 0
Pdest_CA_v0.1-129 40000 60000 0
Pdest_CA_v0.1-129 50000 70000 0.0237
Pdest_CA_v0.1-129 60000 80000 0.0237
Pdest_CA_v0.1-129 70000 90000 0
Pdest_CA_v0.1-129 80000 96112 0.0400943
Pdest_CA_v0.1-131 0 20000 0
Pdest_CA_v0.1-131 10000 30000 0.01795
Pdest_CA_v0.1-131 20000 40000 0.01795
Pdest_CA_v0.1-131 30000 50000 0.1643
Pdest_CA_v0.1-131 40000 60000 0.3674
Pdest_CA_v0.1-131 50000 70000 0.2031
Pdest_CA_v0.1-131 60000 80000 0
Pdest_CA_v0.1-131 70000 90000 0.178
Pdest_CA_v0.1-131 80000 94885 0.566947
Pdest_CA_v0.1-133 0 20000 0.45985
Pdest_CA_v0.1-133 10000 30000 0.1931
Pdest_CA_v0.1-133 20000 40000 0.2002
Pdest_CA_v0.1-133 30000 50000 0.10745
Pdest_CA_v0.1-133 40000 60000 0.303554
Pdest_CA_v0.1-133 50000 70000 0.234184
Pdest_CA_v0.1-133 60000 80000 0.1153
Pdest_CA_v0.1-133 70000 90000 0.08715
Pdest_CA_v0.1-133 80000 92776 0
Pdest_CA_v0.1-135 0 20000 0.6517
Pdest_CA_v0.1-135 10000 30000 0.3227
Pdest_CA_v0.1-135 20000 40000 0.12435
Pdest_CA_v0.1-135 30000 50000 0.05395
Pdest_CA_v0.1-135 40000 60000 0
Pdest_CA_v0.1-135 50000 70000 0
Pdest_CA_v0.1-135 60000 80000 0.01165
Pdest_CA_v0.1-135 70000 90000 0.01165
Pdest_CA_v0.1-135 80000 91367 0
Pdest_CA_v0.1-137 0 20000 0.07775
Pdest_CA_v0.1-137 10000 30000 0
Pdest_CA_v0.1-137 20000 40000 0.0327
Pdest_CA_v0.1-137 30000 50000 0.2097
Pdest_CA_v0.1-137 40000 60000 0.28125
Pdest_CA_v0.1-137 50000 70000 0.13415
Pdest_CA_v0.1-137 60000 80000 0.0299
Pdest_CA_v0.1-137 70000 88461 0
Pdest_CA_v0.1-139 0 20000 0
Pdest_CA_v0.1-139 10000 30000 0.4414
Pdest_CA_v0.1-139 20000 40000 0.50335
Pdest_CA_v0.1-139 30000 50000 0.06195
Pdest_CA_v0.1-139 40000 60000 0
Pdest_CA_v0.1-139 50000 70000 0
Pdest_CA_v0.1-139 60000 80000 0
Pdest_CA_v0.1-139 70000 86865 0
Pdest_CA_v0.1-14 0 20000 0.00765
Pdest_CA_v0.1-14 100000 120000 0.10295
Pdest_CA_v0.1-14 10000 30000 0.05085
Pdest_CA_v0.1-14 110000 130000 0.07735
Pdest_CA_v0.1-14 120000 140000 0.01055
Pdest_CA_v0.1-14 130000 150000 0.0181
Pdest_CA_v0.1-14 140000 160000 0.22165
Pdest_CA_v0.1-14 150000 167602 0.57431
Pdest_CA_v0.1-14 20000 40000 0.3853
Pdest_CA_v0.1-14 30000 50000 0.61155
Pdest_CA_v0.1-14 40000 60000 0.50855
Pdest_CA_v0.1-14 50000 70000 0.63475
Pdest_CA_v0.1-14 60000 80000 0.760611
Pdest_CA_v0.1-14 70000 90000 0.407758
Pdest_CA_v0.1-14 80000 100000 0.4194
Pdest_CA_v0.1-14 90000 110000 0.40185
Pdest_CA_v0.1-141 0 20000 0.21815
Pdest_CA_v0.1-141 10000 30000 0.2986
Pdest_CA_v0.1-141 20000 40000 0.2483
Pdest_CA_v0.1-141 30000 50000 0
Pdest_CA_v0.1-141 40000 60000 0
Pdest_CA_v0.1-141 50000 70000 0
Pdest_CA_v0.1-141 60000 80000 0
Pdest_CA_v0.1-141 70000 84524 0
Pdest_CA_v0.1-143 0 20000 0.1983
Pdest_CA_v0.1-143 10000 30000 0.2148
Pdest_CA_v0.1-143 20000 40000 0.02225
Pdest_CA_v0.1-143 30000 50000 0.0663163
Pdest_CA_v0.1-143 40000 60000 0.185607
Pdest_CA_v0.1-143 50000 70000 0.119038
Pdest_CA_v0.1-143 60000 80000 0.04395
Pdest_CA_v0.1-143 70000 82092 0.233377
Pdest_CA_v0.1-145 0 20000 0.0766
Pdest_CA_v0.1-145 10000 30000 0.04035
Pdest_CA_v0.1-145 20000 40000 0.00585
Pdest_CA_v0.1-145 30000 50000 0.04055
Pdest_CA_v0.1-145 40000 60000 0.04055
Pdest_CA_v0.1-145 50000 70000 0.0669
Pdest_CA_v0.1-145 60000 79722 0.20287
Pdest_CA_v0.1-147 0 20000 0.4285
Pdest_CA_v0.1-147 10000 30000 0.7118
Pdest_CA_v0.1-147 20000 40000 0.5235
Pdest_CA_v0.1-147 30000 50000 0.2359
Pdest_CA_v0.1-147 40000 60000 0.06885
Pdest_CA_v0.1-147 50000 70000 0.130931
Pdest_CA_v0.1-147 60000 78156 0.526467
Pdest_CA_v0.1-149 0 20000 0.019
Pdest_CA_v0.1-149 10000 30000 0.41095
Pdest_CA_v0.1-149 20000 40000 0.4764
Pdest_CA_v0.1-149 30000 50000 0.2136
Pdest_CA_v0.1-149 40000 60000 0.3129
Pdest_CA_v0.1-149 50000 70000 0.18375
Pdest_CA_v0.1-149 60000 76884 0.0225065
Pdest_CA_v0.1-151 0 20000 0.1582
Pdest_CA_v0.1-151 10000 30000 0.04465
Pdest_CA_v0.1-151 20000 40000 0.0006
Pdest_CA_v0.1-151 30000 50000 0
Pdest_CA_v0.1-151 40000 60000 0
Pdest_CA_v0.1-151 50000 70000 0.01995
Pdest_CA_v0.1-151 60000 76056 0.0599153
Pdest_CA_v0.1-153 0 20000 0.082
Pdest_CA_v0.1-153 10000 30000 0.0831
Pdest_CA_v0.1-153 20000 40000 0.03095
Pdest_CA_v0.1-153 30000 50000 0
Pdest_CA_v0.1-153 40000 60000 0.09185
Pdest_CA_v0.1-153 50000 70000 0.0963
Pdest_CA_v0.1-153 60000 73699 0.00649682
Pdest_CA_v0.1-155 0 20000 0.54045
Pdest_CA_v0.1-155 10000 30000 0.33435
Pdest_CA_v0.1-155 20000 40000 0.53945
Pdest_CA_v0.1-155 30000 50000 0.528478
Pdest_CA_v0.1-155 40000 60000 0.252352
Pdest_CA_v0.1-155 50000 70000 0.0895
Pdest_CA_v0.1-155 60000 72412 0.306961
Pdest_CA_v0.1-157 0 20000 0.03945
Pdest_CA_v0.1-157 10000 30000 0.14625
Pdest_CA_v0.1-157 20000 40000 0.1145
Pdest_CA_v0.1-157 30000 50000 0.00525
Pdest_CA_v0.1-157 40000 60000 0.13865
Pdest_CA_v0.1-157 50000 70000 0.1666
Pdest_CA_v0.1-157 60000 71124 0.0502517
Pdest_CA_v0.1-159 0 20000 0.02295
Pdest_CA_v0.1-159 10000 30000 0.0616
Pdest_CA_v0.1-159 20000 40000 0.03865
Pdest_CA_v0.1-159 30000 50000 0
Pdest_CA_v0.1-159 40000 60000 0.0074
Pdest_CA_v0.1-159 50000 69614 0.00754563
Pdest_CA_v0.1-16 0 20000 0.18345
Pdest_CA_v0.1-16 100000 120000 0.21385
Pdest_CA_v0.1-16 10000 30000 0.0874
Pdest_CA_v0.1-16 110000 130000 0.1742
Pdest_CA_v0.1-16 120000 140000 0.0078
Pdest_CA_v0.1-16 130000 150000 0.0078
Pdest_CA_v0.1-16 140000 158006 0.0177719
Pdest_CA_v0.1-16 20000 40000 0.01605
Pdest_CA_v0.1-16 30000 50000 0
Pdest_CA_v0.1-16 40000 60000 0.0747
Pdest_CA_v0.1-16 50000 70000 0.42795
Pdest_CA_v0.1-16 60000 80000 0.35625
Pdest_CA_v0.1-16 70000 90000 0.02745
Pdest_CA_v0.1-16 80000 100000 0.28575
Pdest_CA_v0.1-16 90000 110000 0.30095
Pdest_CA_v0.1-161 0 20000 0.07895
Pdest_CA_v0.1-161 10000 30000 0.1206
Pdest_CA_v0.1-161 20000 40000 0.1212
Pdest_CA_v0.1-161 30000 50000 0.06805
Pdest_CA_v0.1-161 40000 60000 0
Pdest_CA_v0.1-161 50000 68034 0
Pdest_CA_v0.1-163 0 20000 0.146146
Pdest_CA_v0.1-163 10000 30000 0.0962963
Pdest_CA_v0.1-163 20000 40000 0.0164
Pdest_CA_v0.1-163 30000 50000 0.009
Pdest_CA_v0.1-163 40000 60000 0.1525
Pdest_CA_v0.1-163 50000 66636 0.191933
Pdest_CA_v0.1-165 0 20000 0.048
Pdest_CA_v0.1-165 10000 30000 0.15305
Pdest_CA_v0.1-165 20000 40000 0.2993
Pdest_CA_v0.1-165 30000 50000 0.21615
Pdest_CA_v0.1-165 40000 60000 0.04525
Pdest_CA_v0.1-165 50000 66206 0.368876
Pdest_CA_v0.1-167 0 20000 0.0975
Pdest_CA_v0.1-167 10000 30000 0
Pdest_CA_v0.1-167 20000 40000 0
Pdest_CA_v0.1-167 30000 50000 0
Pdest_CA_v0.1-167 40000 60000 0.17825
Pdest_CA_v0.1-167 50000 65629 0.588201
Pdest_CA_v0.1-169 0 20000 0.07145
Pdest_CA_v0.1-169 10000 30000 0.0516
Pdest_CA_v0.1-169 20000 40000 0.04745
Pdest_CA_v0.1-169 30000 50000 0.04745
Pdest_CA_v0.1-169 40000 60000 0
Pdest_CA_v0.1-169 50000 64567 0.159813
Pdest_CA_v0.1-171 0 20000 0
Pdest_CA_v0.1-171 10000 30000 0
Pdest_CA_v0.1-171 20000 40000 0.0065
Pdest_CA_v0.1-171 30000 50000 0.10065
Pdest_CA_v0.1-171 40000 60000 0.22825
Pdest_CA_v0.1-171 50000 64297 0.187592
Pdest_CA_v0.1-173 0 20000 0.05055
Pdest_CA_v0.1-173 10000 30000 0.293093
Pdest_CA_v0.1-173 20000 40000 0.294745
Pdest_CA_v0.1-173 30000 50000 0.20535
Pdest_CA_v0.1-173 40000 60000 0.192
Pdest_CA_v0.1-173 50000 63582 0
Pdest_CA_v0.1-175 0 20000 0.75915
Pdest_CA_v0.1-175 10000 30000 0.4226
Pdest_CA_v0.1-175 20000 40000 0.04175
Pdest_CA_v0.1-175 30000 50000 0.3518
Pdest_CA_v0.1-175 40000 60000 0.356657
Pdest_CA_v0.1-175 50000 62576 0.00716789
Pdest_CA_v0.1-177 0 20000 0.2651
Pdest_CA_v0.1-177 10000 30000 0.25535
Pdest_CA_v0.1-177 20000 40000 0
Pdest_CA_v0.1-177 30000 50000 0.0678
Pdest_CA_v0.1-177 40000 60000 0.40465
Pdest_CA_v0.1-177 50000 61556 0.582987
Pdest_CA_v0.1-179 0 20000 0
Pdest_CA_v0.1-179 10000 30000 0
Pdest_CA_v0.1-179 20000 40000 0
Pdest_CA_v0.1-179 30000 50000 0.0506
Pdest_CA_v0.1-179 40000 60000 0.2384
Pdest_CA_v0.1-179 50000 61360 0.409067
Pdest_CA_v0.1-18 0 20000 0.14425
Pdest_CA_v0.1-18 100000 120000 0.32855
Pdest_CA_v0.1-18 10000 30000 0.45185
Pdest_CA_v0.1-18 110000 130000 0.279
Pdest_CA_v0.1-18 120000 136310 0.429307
Pdest_CA_v0.1-18 20000 40000 0.525275
Pdest_CA_v0.1-18 30000 50000 0.176176
Pdest_CA_v0.1-18 40000 60000 0
Pdest_CA_v0.1-18 50000 70000 0
Pdest_CA_v0.1-18 60000 80000 0.00895
Pdest_CA_v0.1-18 70000 90000 0.00895
Pdest_CA_v0.1-18 80000 100000 0.0931
Pdest_CA_v0.1-18 90000 110000 0.30245
Pdest_CA_v0.1-181 0 20000 0.1184
Pdest_CA_v0.1-181 10000 30000 0
Pdest_CA_v0.1-181 20000 40000 0.12865
Pdest_CA_v0.1-181 30000 50000 0.1387
Pdest_CA_v0.1-181 40000 59970 0.0840761
Pdest_CA_v0.1-183 0 20000 0.1692
Pdest_CA_v0.1-183 10000 30000 0.03365
Pdest_CA_v0.1-183 20000 40000 0.1504
Pdest_CA_v0.1-183 30000 50000 0.46005
Pdest_CA_v0.1-183 40000 58992 0.516428
Pdest_CA_v0.1-185 0 20000 0.6097
Pdest_CA_v0.1-185 10000 30000 0.21999
Pdest_CA_v0.1-185 20000 40000 0.0697395
Pdest_CA_v0.1-185 30000 50000 0.0412
Pdest_CA_v0.1-185 40000 58774 0.120539
Pdest_CA_v0.1-187 0 20000 0.1023
Pdest_CA_v0.1-187 10000 30000 0.01095
Pdest_CA_v0.1-187 20000 40000 0.3365
Pdest_CA_v0.1-187 30000 50000 0.37025
Pdest_CA_v0.1-187 40000 55652 0.217672
Pdest_CA_v0.1-189 0 20000 0.30885
Pdest_CA_v0.1-189 10000 30000 0.18565
Pdest_CA_v0.1-189 20000 40000 0.31475
Pdest_CA_v0.1-189 30000 50000 0.35755
Pdest_CA_v0.1-189 40000 54654 0.261635
Pdest_CA_v0.1-191 0 20000 0.01015
Pdest_CA_v0.1-191 10000 30000 0.0286
Pdest_CA_v0.1-191 20000 40000 0.22575
Pdest_CA_v0.1-191 30000 50000 0.20185
Pdest_CA_v0.1-191 40000 54131 0.00665204
Pdest_CA_v0.1-193 0 20000 0.3061
Pdest_CA_v0.1-193 10000 30000 0.1118
Pdest_CA_v0.1-193 20000 40000 0.13075
Pdest_CA_v0.1-193 30000 50000 0.2837
Pdest_CA_v0.1-193 40000 54000 0.423
Pdest_CA_v0.1-195 0 20000 0.02165
Pdest_CA_v0.1-195 10000 30000 0.02165
Pdest_CA_v0.1-195 20000 40000 0.0431932
Pdest_CA_v0.1-195 30000 50000 0.495596
Pdest_CA_v0.1-195 40000 52142 0.842695
Pdest_CA_v0.1-197 0 20000 0.11225
Pdest_CA_v0.1-197 10000 30000 0
Pdest_CA_v0.1-197 20000 40000 0.04585
Pdest_CA_v0.1-197 30000 50000 0.297097
Pdest_CA_v0.1-197 40000 51384 0.471929
Pdest_CA_v0.1-2 0 20000 0.202803
Pdest_CA_v0.1-2 100000 120000 0.0116
Pdest_CA_v0.1-2 10000 30000 0.27105
Pdest_CA_v0.1-2 110000 130000 0
Pdest_CA_v0.1-2 120000 140000 0.1663
Pdest_CA_v0.1-2 130000 150000 0.1663
Pdest_CA_v0.1-2 140000 160000 0
Pdest_CA_v0.1-2 150000 170000 0.21215
Pdest_CA_v0.1-2 160000 180000 0.2474
Pdest_CA_v0.1-2 170000 190000 0.298298
Pdest_CA_v0.1-2 180000 200000 0.703053
Pdest_CA_v0.1-2 190000 210000 0.70845
Pdest_CA_v0.1-2 200000 220000 0.26885
Pdest_CA_v0.1-2 20000 40000 0.7059
Pdest_CA_v0.1-2 210000 230000 0
Pdest_CA_v0.1-2 220000 240000 0
Pdest_CA_v0.1-2 230000 250000 0.0656
Pdest_CA_v0.1-2 240000 260000 0.10015
Pdest_CA_v0.1-2 250000 270000 0.04125
Pdest_CA_v0.1-2 260000 280000 0.0067
Pdest_CA_v0.1-2 270000 290000 0.21675
Pdest_CA_v0.1-2 280000 300000 0.3281
Pdest_CA_v0.1-2 290000 310000 0.11855
Pdest_CA_v0.1-2 300000 320000 0.0072
Pdest_CA_v0.1-2 30000 50000 0.51975
Pdest_CA_v0.1-2 310000 325622 0.30329
Pdest_CA_v0.1-2 40000 60000 0.0915
Pdest_CA_v0.1-2 50000 70000 0.0066
Pdest_CA_v0.1-2 60000 80000 0
Pdest_CA_v0.1-2 70000 90000 0.2111
Pdest_CA_v0.1-2 80000 100000 0.2273
Pdest_CA_v0.1-2 90000 110000 0.0278
Pdest_CA_v0.1-20 0 20000 0.0047
Pdest_CA_v0.1-20 100000 120000 0.235
Pdest_CA_v0.1-20 10000 30000 0.04495
Pdest_CA_v0.1-20 110000 130000 0.4639
Pdest_CA_v0.1-20 120000 134498 0.408608
Pdest_CA_v0.1-20 20000 40000 0.04495
Pdest_CA_v0.1-20 30000 50000 0
Pdest_CA_v0.1-20 40000 60000 0
Pdest_CA_v0.1-20 50000 70000 0.17875
Pdest_CA_v0.1-20 60000 80000 0.3859
Pdest_CA_v0.1-20 70000 90000 0.27115
Pdest_CA_v0.1-20 80000 100000 0.064
Pdest_CA_v0.1-20 90000 110000 0
Pdest_CA_v0.1-22 0 20000 0.35735
Pdest_CA_v0.1-22 100000 120000 0.332132
Pdest_CA_v0.1-22 10000 30000 0.33355
Pdest_CA_v0.1-22 110000 130000 0.444995
Pdest_CA_v0.1-22 120000 133224 0.29507
Pdest_CA_v0.1-22 20000 40000 0.38875
Pdest_CA_v0.1-22 30000 50000 0.0579
Pdest_CA_v0.1-22 40000 60000 0
Pdest_CA_v0.1-22 50000 70000 0.0369
Pdest_CA_v0.1-22 60000 80000 0.0369
Pdest_CA_v0.1-22 70000 90000 0.09505
Pdest_CA_v0.1-22 80000 100000 0.09505
Pdest_CA_v0.1-22 90000 110000 0
Pdest_CA_v0.1-24 0 20000 0.4717
Pdest_CA_v0.1-24 100000 119601 0.0488751
Pdest_CA_v0.1-24 10000 30000 0.15755
Pdest_CA_v0.1-24 20000 40000 0.0942
Pdest_CA_v0.1-24 30000 50000 0.1245
Pdest_CA_v0.1-24 40000 60000 0.1339
Pdest_CA_v0.1-24 50000 70000 0.0094
Pdest_CA_v0.1-24 60000 80000 0.03375
Pdest_CA_v0.1-24 70000 90000 0.104
Pdest_CA_v0.1-24 80000 100000 0.1415
Pdest_CA_v0.1-24 90000 110000 0.11915
Pdest_CA_v0.1-26 0 20000 0.1804
Pdest_CA_v0.1-26 100000 117080 0
Pdest_CA_v0.1-26 10000 30000 0.17645
Pdest_CA_v0.1-26 20000 40000 0.40615
Pdest_CA_v0.1-26 30000 50000 0.468118
Pdest_CA_v0.1-26 40000 60000 0.0616232
Pdest_CA_v0.1-26 50000 70000 0.191733
Pdest_CA_v0.1-26 60000 80000 0.197798
Pdest_CA_v0.1-26 70000 90000 0.08015
Pdest_CA_v0.1-26 80000 100000 0.0739
Pdest_CA_v0.1-26 90000 110000 0
Pdest_CA_v0.1-28 0 20000 0.05275
Pdest_CA_v0.1-28 10000 30000 0
Pdest_CA_v0.1-28 20000 40000 0.07645
Pdest_CA_v0.1-28 30000 50000 0.0832
Pdest_CA_v0.1-28 40000 60000 0.10355
Pdest_CA_v0.1-28 50000 70000 0.11085
Pdest_CA_v0.1-28 60000 80000 0.1178
Pdest_CA_v0.1-28 70000 90000 0.1072
Pdest_CA_v0.1-28 80000 100000 0.00345
Pdest_CA_v0.1-28 90000 108513 0.222438
Pdest_CA_v0.1-30 0 20000 0.0658
Pdest_CA_v0.1-30 10000 30000 0.25665
Pdest_CA_v0.1-30 20000 40000 0.29145
Pdest_CA_v0.1-30 30000 50000 0.465566
Pdest_CA_v0.1-30 40000 60000 0.430731
Pdest_CA_v0.1-30 50000 70000 0.11095
Pdest_CA_v0.1-30 60000 80000 0.32075
Pdest_CA_v0.1-30 70000 90000 0.2098
Pdest_CA_v0.1-30 80000 93909 0.145589
Pdest_CA_v0.1-32 0 20000 0.7
Pdest_CA_v0.1-32 10000 30000 0.5518
Pdest_CA_v0.1-32 20000 40000 0.3276
Pdest_CA_v0.1-32 30000 50000 0.065
Pdest_CA_v0.1-32 40000 60000 0.2558
Pdest_CA_v0.1-32 50000 70000 0.3252
Pdest_CA_v0.1-32 60000 80000 0.41785
Pdest_CA_v0.1-32 70000 89774 0.772884
Pdest_CA_v0.1-34 0 20000 0.4041
Pdest_CA_v0.1-34 10000 30000 0.10875
Pdest_CA_v0.1-34 20000 40000 0.0333
Pdest_CA_v0.1-34 30000 50000 0.21265
Pdest_CA_v0.1-34 40000 60000 0.37445
Pdest_CA_v0.1-34 50000 70000 0.1701
Pdest_CA_v0.1-34 60000 80000 0.00445
Pdest_CA_v0.1-34 70000 80776 0.0521529
Pdest_CA_v0.1-36 0 20000 0.05415
Pdest_CA_v0.1-36 10000 30000 0.02915
Pdest_CA_v0.1-36 20000 40000 0
Pdest_CA_v0.1-36 30000 50000 0
Pdest_CA_v0.1-36 40000 60000 0.17305
Pdest_CA_v0.1-36 50000 70000 0.32815
Pdest_CA_v0.1-36 60000 76197 0.533494
Pdest_CA_v0.1-38 0 20000 0.216066
Pdest_CA_v0.1-38 10000 30000 0
Pdest_CA_v0.1-38 20000 40000 0.003
Pdest_CA_v0.1-38 30000 50000 0.0524
Pdest_CA_v0.1-38 40000 60000 0.1148
Pdest_CA_v0.1-38 50000 68467 0.160719
Pdest_CA_v0.1-4 0 20000 0.00635
Pdest_CA_v0.1-4 100000 120000 0
Pdest_CA_v0.1-4 10000 30000 0.00635
Pdest_CA_v0.1-4 110000 130000 0
Pdest_CA_v0.1-4 120000 140000 0.0318
Pdest_CA_v0.1-4 130000 150000 0.0318
Pdest_CA_v0.1-4 140000 160000 0.0014
Pdest_CA_v0.1-4 150000 170000 0.01075
Pdest_CA_v0.1-4 160000 180000 0.3006
Pdest_CA_v0.1-4 170000 190000 0.68974
Pdest_CA_v0.1-4 180000 200000 0.398198
Pdest_CA_v0.1-4 190000 210000 0
Pdest_CA_v0.1-4 200000 220000 0
Pdest_CA_v0.1-4 20000 40000 0.01095
Pdest_CA_v0.1-4 210000 230000 0.00995
Pdest_CA_v0.1-4 220000 240000 0.07425
Pdest_CA_v0.1-4 230000 250000 0.30065
Pdest_CA_v0.1-4 240000 260000 0.4698
Pdest_CA_v0.1-4 250000 270000 0.6334
Pdest_CA_v0.1-4 260000 280000 0.39995
Pdest_CA_v0.1-4 270000 290000 0.11275
Pdest_CA_v0.1-4 280000 298309 0.488394
Pdest_CA_v0.1-4 30000 50000 0.01095
Pdest_CA_v0.1-4 40000 60000 0
Pdest_CA_v0.1-4 50000 70000 0.07
Pdest_CA_v0.1-4 60000 80000 0.07
Pdest_CA_v0.1-4 70000 90000 0
Pdest_CA_v0.1-4 80000 100000 0.0164
Pdest_CA_v0.1-4 90000 110000 0.0164
Pdest_CA_v0.1-40 0 20000 0.00605
Pdest_CA_v0.1-40 10000 30000 0.00605
Pdest_CA_v0.1-40 20000 40000 0.31635
Pdest_CA_v0.1-40 30000 50000 0.31665
Pdest_CA_v0.1-40 40000 60000 0.00575
Pdest_CA_v0.1-40 50000 65863 0.00687134
Pdest_CA_v0.1-42 0 20000 0.3545
Pdest_CA_v0.1-42 10000 30000 0.00335
Pdest_CA_v0.1-42 20000 40000 0
Pdest_CA_v0.1-42 30000 50000 0
Pdest_CA_v0.1-42 40000 60000 0.3619
Pdest_CA_v0.1-42 50000 61230 0.754052
Pdest_CA_v0.1-44 0 20000 0.4438
Pdest_CA_v0.1-44 10000 30000 0.2352
Pdest_CA_v0.1-44 20000 40000 0.4042
Pdest_CA_v0.1-44 30000 50000 0.60575
Pdest_CA_v0.1-44 40000 55779 0.683123
Pdest_CA_v0.1-46 0 20000 0.0564
Pdest_CA_v0.1-46 10000 30000 0.00235
Pdest_CA_v0.1-46 20000 40000 0
Pdest_CA_v0.1-46 30000 50000 0.02175
Pdest_CA_v0.1-46 40000 51288 0.0912473
Pdest_CA_v0.1-6 0 20000 0.202402
Pdest_CA_v0.1-6 100000 120000 0.4817
Pdest_CA_v0.1-6 10000 30000 0.0212713
Pdest_CA_v0.1-6 110000 130000 0.42615
Pdest_CA_v0.1-6 120000 140000 0.225275
Pdest_CA_v0.1-6 130000 150000 0.162663
Pdest_CA_v0.1-6 140000 160000 0
Pdest_CA_v0.1-6 150000 170000 0.2432
Pdest_CA_v0.1-6 160000 180000 0.65425
Pdest_CA_v0.1-6 170000 190000 0.41105
Pdest_CA_v0.1-6 180000 200000 0.286
Pdest_CA_v0.1-6 190000 210000 0.4542
Pdest_CA_v0.1-6 200000 220000 0.34785
Pdest_CA_v0.1-6 20000 40000 0.36515
Pdest_CA_v0.1-6 210000 230000 0.2766
Pdest_CA_v0.1-6 220000 240000 0.09695
Pdest_CA_v0.1-6 230000 247875 0
Pdest_CA_v0.1-6 30000 50000 0.58745
Pdest_CA_v0.1-6 40000 60000 0.2223
Pdest_CA_v0.1-6 50000 70000 0.0094
Pdest_CA_v0.1-6 60000 80000 0.10905
Pdest_CA_v0.1-6 70000 90000 0.1587
Pdest_CA_v0.1-6 80000 100000 0.1806
Pdest_CA_v0.1-6 90000 110000 0.23965
Pdest_CA_v0.1-69 0 20000 0.00465
Pdest_CA_v0.1-69 100000 120000 0
Pdest_CA_v0.1-69 10000 30000 0
Pdest_CA_v0.1-69 110000 130000 0
Pdest_CA_v0.1-69 120000 140000 0
Pdest_CA_v0.1-69 130000 150000 0
Pdest_CA_v0.1-69 140000 160000 0.00885
Pdest_CA_v0.1-69 150000 170000 0.00885
Pdest_CA_v0.1-69 160000 180000 0
Pdest_CA_v0.1-69 170000 190000 0
Pdest_CA_v0.1-69 180000 200000 0
Pdest_CA_v0.1-69 190000 210000 0.02005
Pdest_CA_v0.1-69 200000 220000 0.02005
Pdest_CA_v0.1-69 20000 40000 0.00725
Pdest_CA_v0.1-69 210000 230000 0
Pdest_CA_v0.1-69 220000 240000 0.16775
Pdest_CA_v0.1-69 230000 250000 0.16775
Pdest_CA_v0.1-69 240000 260000 0
Pdest_CA_v0.1-69 250000 270000 0
Pdest_CA_v0.1-69 260000 280000 0
Pdest_CA_v0.1-69 270000 290000 0
Pdest_CA_v0.1-69 280000 300000 0
Pdest_CA_v0.1-69 290000 310000 0
Pdest_CA_v0.1-69 300000 320000 0
Pdest_CA_v0.1-69 30000 50000 0.0089
Pdest_CA_v0.1-69 310000 330000 0.02375
Pdest_CA_v0.1-69 320000 340000 0.2162
Pdest_CA_v0.1-69 330000 341761 0.446816
Pdest_CA_v0.1-69 40000 60000 0.00165
Pdest_CA_v0.1-69 50000 70000 0
Pdest_CA_v0.1-69 60000 80000 0
Pdest_CA_v0.1-69 70000 90000 0.0542
Pdest_CA_v0.1-69 80000 100000 0.08365
Pdest_CA_v0.1-69 90000 110000 0.02945
Pdest_CA_v0.1-71 0 20000 0.122322
Pdest_CA_v0.1-71 100000 120000 0.16085
Pdest_CA_v0.1-71 10000 30000 0.01615
Pdest_CA_v0.1-71 110000 130000 0.0721
Pdest_CA_v0.1-71 120000 140000 0.0404
Pdest_CA_v0.1-71 130000 150000 0
Pdest_CA_v0.1-71 140000 160000 0.1452
Pdest_CA_v0.1-71 150000 170000 0.5035
Pdest_CA_v0.1-71 160000 180000 0.4733
Pdest_CA_v0.1-71 170000 190000 0.14525
Pdest_CA_v0.1-71 180000 200000 0.17715
Pdest_CA_v0.1-71 190000 210000 0.35325
Pdest_CA_v0.1-71 200000 220000 0.20635
Pdest_CA_v0.1-71 20000 40000 0.2604
Pdest_CA_v0.1-71 210000 230000 0.02415
Pdest_CA_v0.1-71 220000 240000 0.02415
Pdest_CA_v0.1-71 230000 250000 0
Pdest_CA_v0.1-71 240000 260000 0.0557
Pdest_CA_v0.1-71 250000 270000 0.1878
Pdest_CA_v0.1-71 260000 280000 0.1321
Pdest_CA_v0.1-71 270000 290000 0.45455
Pdest_CA_v0.1-71 280000 300000 0.6705
Pdest_CA_v0.1-71 290000 310000 0.21595
Pdest_CA_v0.1-71 300000 313190 0
Pdest_CA_v0.1-71 30000 50000 0.24425
Pdest_CA_v0.1-71 40000 60000 0.01445
Pdest_CA_v0.1-71 50000 70000 0.01445
Pdest_CA_v0.1-71 60000 80000 0
Pdest_CA_v0.1-71 70000 90000 0
Pdest_CA_v0.1-71 80000 100000 0.188
Pdest_CA_v0.1-71 90000 110000 0.31715
Pdest_CA_v0.1-73 0 20000 0.15295
Pdest_CA_v0.1-73 100000 120000 0.32425
Pdest_CA_v0.1-73 10000 30000 0.214615
Pdest_CA_v0.1-73 110000 130000 0.32425
Pdest_CA_v0.1-73 120000 140000 0.1684
Pdest_CA_v0.1-73 130000 150000 0.1734
Pdest_CA_v0.1-73 140000 160000 0.005
Pdest_CA_v0.1-73 150000 170000 0
Pdest_CA_v0.1-73 160000 180000 0.0308
Pdest_CA_v0.1-73 170000 190000 0.0308
Pdest_CA_v0.1-73 180000 200000 0
Pdest_CA_v0.1-73 190000 210000 0
Pdest_CA_v0.1-73 200000 220000 0
Pdest_CA_v0.1-73 20000 40000 0.076026
Pdest_CA_v0.1-73 210000 230000 0.034
Pdest_CA_v0.1-73 220000 240000 0.034
Pdest_CA_v0.1-73 230000 250000 0
Pdest_CA_v0.1-73 240000 260000 0
Pdest_CA_v0.1-73 250000 270000 0
Pdest_CA_v0.1-73 260000 280000 0
Pdest_CA_v0.1-73 270000 283146 0
Pdest_CA_v0.1-73 30000 50000 0.0145
Pdest_CA_v0.1-73 40000 60000 0.26475
Pdest_CA_v0.1-73 50000 70000 0.26475
Pdest_CA_v0.1-73 60000 80000 0
Pdest_CA_v0.1-73 70000 90000 0
Pdest_CA_v0.1-73 80000 100000 0
Pdest_CA_v0.1-73 90000 110000 0
Pdest_CA_v0.1-75 0 20000 0.1716
Pdest_CA_v0.1-75 100000 120000 0.04405
Pdest_CA_v0.1-75 10000 30000 0.0771
Pdest_CA_v0.1-75 110000 130000 0
Pdest_CA_v0.1-75 120000 140000 0
Pdest_CA_v0.1-75 130000 150000 0
Pdest_CA_v0.1-75 140000 160000 0
Pdest_CA_v0.1-75 150000 170000 0
Pdest_CA_v0.1-75 160000 180000 0.01125
Pdest_CA_v0.1-75 170000 190000 0.016
Pdest_CA_v0.1-75 180000 200000 0.00475
Pdest_CA_v0.1-75 190000 210000 0
Pdest_CA_v0.1-75 200000 220000 0.07765
Pdest_CA_v0.1-75 20000 40000 0
Pdest_CA_v0.1-75 210000 223079 0.190382
Pdest_CA_v0.1-75 30000 50000 0.2254
Pdest_CA_v0.1-75 40000 60000 0.296
Pdest_CA_v0.1-75 50000 70000 0.32045
Pdest_CA_v0.1-75 60000 80000 0.24985
Pdest_CA_v0.1-75 70000 90000 0
Pdest_CA_v0.1-75 80000 100000 0
Pdest_CA_v0.1-75 90000 110000 0.04405
Pdest_CA_v0.1-77 0 20000 0.449299
Pdest_CA_v0.1-77 100000 120000 0.681682
Pdest_CA_v0.1-77 10000 30000 0
Pdest_CA_v0.1-77 110000 130000 0.68023
Pdest_CA_v0.1-77 120000 140000 0.5508
Pdest_CA_v0.1-77 130000 150000 0.25445
Pdest_CA_v0.1-77 140000 160000 0.1668
Pdest_CA_v0.1-77 150000 170000 0
Pdest_CA_v0.1-77 160000 180000 0
Pdest_CA_v0.1-77 170000 190000 0.04635
Pdest_CA_v0.1-77 180000 200000 0.0536
Pdest_CA_v0.1-77 190000 209184 0.00755838
Pdest_CA_v0.1-77 20000 40000 0.0259
Pdest_CA_v0.1-77 30000 50000 0.0259
Pdest_CA_v0.1-77 40000 60000 0
Pdest_CA_v0.1-77 50000 70000 0.0111245
Pdest_CA_v0.1-77 60000 80000 0.0758
Pdest_CA_v0.1-77 70000 90000 0.06475
Pdest_CA_v0.1-77 80000 100000 0
Pdest_CA_v0.1-77 90000 110000 0.4646
Pdest_CA_v0.1-79 0 20000 0.204054
Pdest_CA_v0.1-79 100000 120000 0.3026
Pdest_CA_v0.1-79 10000 30000 0.2723
Pdest_CA_v0.1-79 110000 130000 0.2463
Pdest_CA_v0.1-79 120000 140000 0.0936
Pdest_CA_v0.1-79 130000 150000 0.04645
Pdest_CA_v0.1-79 140000 160000 0.0263
Pdest_CA_v0.1-79 150000 170000 0.05995
Pdest_CA_v0.1-79 160000 180000 0.05995
Pdest_CA_v0.1-79 170000 190000 0
Pdest_CA_v0.1-79 180000 200000 0
Pdest_CA_v0.1-79 190000 202459 0
Pdest_CA_v0.1-79 20000 40000 0.3515
Pdest_CA_v0.1-79 30000 50000 0.26465
Pdest_CA_v0.1-79 40000 60000 0.23245
Pdest_CA_v0.1-79 50000 70000 0.36885
Pdest_CA_v0.1-79 60000 80000 0.43895
Pdest_CA_v0.1-79 70000 90000 0.1219
Pdest_CA_v0.1-79 80000 100000 0.3149
Pdest_CA_v0.1-79 90000 110000 0.43985
Pdest_CA_v0.1-8 0 20000 0.6097
Pdest_CA_v0.1-8 100000 120000 0.04535
Pdest_CA_v0.1-8 10000 30000 0.22615
Pdest_CA_v0.1-8 110000 130000 0.18005
Pdest_CA_v0.1-8 120000 140000 0.60365
Pdest_CA_v0.1-8 130000 150000 0.73455
Pdest_CA_v0.1-8 140000 160000 0.2656
Pdest_CA_v0.1-8 150000 170000 0
Pdest_CA_v0.1-8 160000 180000 0
Pdest_CA_v0.1-8 170000 190000 0
Pdest_CA_v0.1-8 180000 200000 0.09885
Pdest_CA_v0.1-8 190000 210000 0.33425
Pdest_CA_v0.1-8 200000 213852 0.39525
Pdest_CA_v0.1-8 20000 40000 0.13595
Pdest_CA_v0.1-8 30000 50000 0.1155
Pdest_CA_v0.1-8 40000 60000 0
Pdest_CA_v0.1-8 50000 70000 0
Pdest_CA_v0.1-8 60000 80000 0
Pdest_CA_v0.1-8 70000 90000 0.01395
Pdest_CA_v0.1-8 80000 100000 0.297
Pdest_CA_v0.1-8 90000 110000 0.28305
Pdest_CA_v0.1-81 0 20000 0.966717
Pdest_CA_v0.1-81 100000 120000 0.35385
Pdest_CA_v0.1-81 10000 30000 0.753954
Pdest_CA_v0.1-81 110000 130000 0.01355
Pdest_CA_v0.1-81 120000 140000 0.10085
Pdest_CA_v0.1-81 130000 150000 0.10085
Pdest_CA_v0.1-81 140000 160000 0.08505
Pdest_CA_v0.1-81 150000 170000 0.1046
Pdest_CA_v0.1-81 160000 180000 0.09605
Pdest_CA_v0.1-81 170000 188468 0.512292
Pdest_CA_v0.1-81 20000 40000 0.26565
Pdest_CA_v0.1-81 30000 50000 0.00635
Pdest_CA_v0.1-81 40000 60000 0.0767
Pdest_CA_v0.1-81 50000 70000 0.5382
Pdest_CA_v0.1-81 60000 80000 0.51255
Pdest_CA_v0.1-81 70000 90000 0.05105
Pdest_CA_v0.1-81 80000 100000 0.0401
Pdest_CA_v0.1-81 90000 110000 0.3804
Pdest_CA_v0.1-819 0 20000 0.01445
Pdest_CA_v0.1-819 100000 120000 0.1416
Pdest_CA_v0.1-819 10000 30000 0.01445
Pdest_CA_v0.1-819 110000 130000 0.41715
Pdest_CA_v0.1-819 120000 140000 0.44955
Pdest_CA_v0.1-819 130000 144210 0.426953
Pdest_CA_v0.1-819 20000 40000 0.03385
Pdest_CA_v0.1-819 30000 50000 0.1202
Pdest_CA_v0.1-819 40000 60000 0.09125
Pdest_CA_v0.1-819 50000 70000 0.0049
Pdest_CA_v0.1-819 60000 80000 0
Pdest_CA_v0.1-819 70000 90000 0.0036036
Pdest_CA_v0.1-819 80000 100000 0.0036036
Pdest_CA_v0.1-819 90000 110000 0
Pdest_CA_v0.1-821 0 20000 0.0617
Pdest_CA_v0.1-821 10000 30000 0.0178
Pdest_CA_v0.1-821 20000 40000 0.0437
Pdest_CA_v0.1-821 30000 50000 0.0368
Pdest_CA_v0.1-821 40000 60000 0.01765
Pdest_CA_v0.1-821 50000 70000 0.133
Pdest_CA_v0.1-821 60000 80000 0.1962
Pdest_CA_v0.1-821 70000 90000 0.40315
Pdest_CA_v0.1-821 80000 96991 0.775881
Pdest_CA_v0.1-823 0 20000 0.1082
Pdest_CA_v0.1-823 10000 30000 0.15565
Pdest_CA_v0.1-823 20000 40000 0.057
Pdest_CA_v0.1-823 30000 50000 0
Pdest_CA_v0.1-823 40000 51202 0.0789145
Pdest_CA_v0.1-83 0 20000 0.560511
Pdest_CA_v0.1-83 100000 120000 0
Pdest_CA_v0.1-83 10000 30000 0.21977
Pdest_CA_v0.1-83 110000 130000 0.16735
Pdest_CA_v0.1-83 120000 140000 0.28565
Pdest_CA_v0.1-83 130000 150000 0.1412
Pdest_CA_v0.1-83 140000 160000 0.0229
Pdest_CA_v0.1-83 150000 168751 0.352835
Pdest_CA_v0.1-83 20000 40000 0.36925
Pdest_CA_v0.1-83 30000 50000 0.39225
Pdest_CA_v0.1-83 40000 60000 0.0703
Pdest_CA_v0.1-83 50000 70000 0.21855
Pdest_CA_v0.1-83 60000 80000 0.40235
Pdest_CA_v0.1-83 70000 90000 0.2311
Pdest_CA_v0.1-83 80000 100000 0
Pdest_CA_v0.1-83 90000 110000 0
Pdest_CA_v0.1-85 0 20000 0.42825
Pdest_CA_v0.1-85 100000 120000 0.01115
Pdest_CA_v0.1-85 10000 30000 0.4183
Pdest_CA_v0.1-85 110000 130000 0.30575
Pdest_CA_v0.1-85 120000 140000 0.5639
Pdest_CA_v0.1-85 130000 150000 0.2693
Pdest_CA_v0.1-85 140000 160000 0.26365
Pdest_CA_v0.1-85 150000 167140 0.659977
Pdest_CA_v0.1-85 20000 40000 0.0962
Pdest_CA_v0.1-85 30000 50000 0
Pdest_CA_v0.1-85 40000 60000 0.11145
Pdest_CA_v0.1-85 50000 70000 0.11145
Pdest_CA_v0.1-85 60000 80000 0.01395
Pdest_CA_v0.1-85 70000 90000 0.19325
Pdest_CA_v0.1-85 80000 100000 0.286236
Pdest_CA_v0.1-85 90000 110000 0.106757
Pdest_CA_v0.1-87 0 20000 0.17055
Pdest_CA_v0.1-87 100000 120000 0.065966
Pdest_CA_v0.1-87 10000 30000 0.0083
Pdest_CA_v0.1-87 110000 130000 0
Pdest_CA_v0.1-87 120000 140000 0.03855
Pdest_CA_v0.1-87 130000 150000 0.04055
Pdest_CA_v0.1-87 140000 160000 0.4493
Pdest_CA_v0.1-87 150000 162116 0.738362
Pdest_CA_v0.1-87 20000 40000 0.0311311
Pdest_CA_v0.1-87 30000 50000 0.0435936
Pdest_CA_v0.1-87 40000 60000 0.28575
Pdest_CA_v0.1-87 50000 70000 0.265
Pdest_CA_v0.1-87 60000 80000 0
Pdest_CA_v0.1-87 70000 90000 0.07975
Pdest_CA_v0.1-87 80000 100000 0.5317
Pdest_CA_v0.1-87 90000 110000 0.518368
Pdest_CA_v0.1-89 0 20000 0.83475
Pdest_CA_v0.1-89 100000 120000 0.1313
Pdest_CA_v0.1-89 10000 30000 0.8797
Pdest_CA_v0.1-89 110000 130000 0.0673
Pdest_CA_v0.1-89 120000 140000 0.3185
Pdest_CA_v0.1-89 130000 150000 0.62685
Pdest_CA_v0.1-89 140000 152566 0.693379
Pdest_CA_v0.1-89 20000 40000 0.48855
Pdest_CA_v0.1-89 30000 50000 0.05815
Pdest_CA_v0.1-89 40000 60000 0.0093
Pdest_CA_v0.1-89 50000 70000 0.03985
Pdest_CA_v0.1-89 60000 80000 0.03985
Pdest_CA_v0.1-89 70000 90000 0
Pdest_CA_v0.1-89 80000 100000 0.106006
Pdest_CA_v0.1-89 90000 110000 0.1909
Pdest_CA_v0.1-91 0 20000 0.104054
Pdest_CA_v0.1-91 100000 120000 0.24805
Pdest_CA_v0.1-91 10000 30000 0.0406
Pdest_CA_v0.1-91 110000 130000 0.21255
Pdest_CA_v0.1-91 120000 140000 0.02685
Pdest_CA_v0.1-91 130000 146667 0.0322194
Pdest_CA_v0.1-91 20000 40000 0.0574
Pdest_CA_v0.1-91 30000 50000 0.2464
Pdest_CA_v0.1-91 40000 60000 0.22715
Pdest_CA_v0.1-91 50000 70000 0.03815
Pdest_CA_v0.1-91 60000 80000 0
Pdest_CA_v0.1-91 70000 90000 0
Pdest_CA_v0.1-91 80000 100000 0
Pdest_CA_v0.1-91 90000 110000 0.0355
Pdest_CA_v0.1-93 0 20000 0.00535536
Pdest_CA_v0.1-93 100000 120000 0
Pdest_CA_v0.1-93 10000 30000 0.00535536
Pdest_CA_v0.1-93 110000 130000 0
Pdest_CA_v0.1-93 120000 140000 0.0869
Pdest_CA_v0.1-93 130000 142013 0.144677
Pdest_CA_v0.1-93 20000 40000 0.0185
Pdest_CA_v0.1-93 30000 50000 0.0185
Pdest_CA_v0.1-93 40000 60000 0
Pdest_CA_v0.1-93 50000 70000 0.05255
Pdest_CA_v0.1-93 60000 80000 0.21325
Pdest_CA_v0.1-93 70000 90000 0.1607
Pdest_CA_v0.1-93 80000 100000 0
Pdest_CA_v0.1-93 90000 110000 0
Pdest_CA_v0.1-95 0 20000 0.2627
Pdest_CA_v0.1-95 100000 120000 0
Pdest_CA_v0.1-95 10000 30000 0
Pdest_CA_v0.1-95 110000 130000 0.2171
Pdest_CA_v0.1-95 120000 137014 0.255202
Pdest_CA_v0.1-95 20000 40000 0.00635
Pdest_CA_v0.1-95 30000 50000 0.00635
Pdest_CA_v0.1-95 40000 60000 0.0529
Pdest_CA_v0.1-95 50000 70000 0.1064
Pdest_CA_v0.1-95 60000 80000 0.3818
Pdest_CA_v0.1-95 70000 90000 0.5731
Pdest_CA_v0.1-95 80000 100000 0.2448
Pdest_CA_v0.1-95 90000 110000 0
Pdest_CA_v0.1-97 0 20000 0.0246
Pdest_CA_v0.1-97 100000 120000 0.0163
Pdest_CA_v0.1-97 10000 30000 0.05545
Pdest_CA_v0.1-97 110000 130000 0.00435
Pdest_CA_v0.1-97 120000 132907 0
Pdest_CA_v0.1-97 20000 40000 0.058
Pdest_CA_v0.1-97 30000 50000 0.08325
Pdest_CA_v0.1-97 40000 60000 0.08205
Pdest_CA_v0.1-97 50000 70000 0.17185
Pdest_CA_v0.1-97 60000 80000 0.19295
Pdest_CA_v0.1-97 70000 90000 0.05755
Pdest_CA_v0.1-97 80000 100000 0.0251
Pdest_CA_v0.1-97 90000 110000 0.0211
Pdest_CA_v0.1-99 0 20000 0.0382
Pdest_CA_v0.1-99 100000 120000 0.102252
Pdest_CA_v0.1-99 10000 30000 0.05825
Pdest_CA_v0.1-99 110000 128925 0.528727
Pdest_CA_v0.1-99 20000 40000 0.0275
Pdest_CA_v0.1-99 30000 50000 0.00745
Pdest_CA_v0.1-99 40000 60000 0.245996
Pdest_CA_v0.1-99 50000 70000 0.323073
Pdest_CA_v0.1-99 60000 80000 0.2619
Pdest_CA_v0.1-99 70000 90000 0.6079
Pdest_CA_v0.1-99 80000 100000 0.5393
Pdest_CA_v0.1-99 90000 110000 0.1163
