Pdest_CA_v0.1-1 0 20000 0.4272
Pdest_CA_v0.1-1 100000 120000 0.20355
Pdest_CA_v0.1-1 10000 30000 0.3361
Pdest_CA_v0.1-1 110000 130000 0
Pdest_CA_v0.1-1 120000 140000 0
Pdest_CA_v0.1-1 130000 150000 0
Pdest_CA_v0.1-1 140000 160000 0.3238
Pdest_CA_v0.1-1 150000 170000 0.36935
Pdest_CA_v0.1-1 160000 180000 0.0587
Pdest_CA_v0.1-1 170000 190000 0.0233
Pdest_CA_v0.1-1 180000 200000 0.01015
Pdest_CA_v0.1-1 190000 210000 0.0606
Pdest_CA_v0.1-1 200000 220000 0.13225
Pdest_CA_v0.1-1 20000 40000 0.1938
Pdest_CA_v0.1-1 210000 230000 0.07165
Pdest_CA_v0.1-1 220000 240000 0
Pdest_CA_v0.1-1 230000 250000 0
Pdest_CA_v0.1-1 240000 260000 0
Pdest_CA_v0.1-1 250000 270000 0
Pdest_CA_v0.1-1 260000 280000 0
Pdest_CA_v0.1-1 270000 290000 0.02925
Pdest_CA_v0.1-1 280000 300000 0.207
Pdest_CA_v0.1-1 290000 310000 0.17775
Pdest_CA_v0.1-1 300000 320000 0
Pdest_CA_v0.1-1 30000 50000 0
Pdest_CA_v0.1-1 310000 330000 0
Pdest_CA_v0.1-1 320000 340000 0.3457
Pdest_CA_v0.1-1 330000 347891 0.57487
Pdest_CA_v0.1-1 40000 60000 0
Pdest_CA_v0.1-1 50000 70000 0
Pdest_CA_v0.1-1 60000 80000 0
Pdest_CA_v0.1-1 70000 90000 0
Pdest_CA_v0.1-1 80000 100000 0.2477
Pdest_CA_v0.1-1 90000 110000 0.45125
Pdest_CA_v0.1-100 0 20000 0.13745
Pdest_CA_v0.1-100 100000 120000 0.1726
Pdest_CA_v0.1-100 10000 30000 0.0248
Pdest_CA_v0.1-100 110000 128725 0.303448
Pdest_CA_v0.1-100 20000 40000 0.01585
Pdest_CA_v0.1-100 30000 50000 0.385
Pdest_CA_v0.1-100 40000 60000 0.39355
Pdest_CA_v0.1-100 50000 70000 0.0341
Pdest_CA_v0.1-100 60000 80000 0.0376
Pdest_CA_v0.1-100 70000 90000 0.0279279
Pdest_CA_v0.1-100 80000 100000 0.00475475
Pdest_CA_v0.1-100 90000 110000 0.00475
Pdest_CA_v0.1-102 0 20000 0.32685
Pdest_CA_v0.1-102 100000 120000 0.37225
Pdest_CA_v0.1-102 10000 30000 0.3617
Pdest_CA_v0.1-102 110000 125081 0.767721
Pdest_CA_v0.1-102 20000 40000 0.2198
Pdest_CA_v0.1-102 30000 50000 0.30715
Pdest_CA_v0.1-102 40000 60000 0.1222
Pdest_CA_v0.1-102 50000 70000 0.00265
Pdest_CA_v0.1-102 60000 80000 0.00265
Pdest_CA_v0.1-102 70000 90000 0
Pdest_CA_v0.1-102 80000 100000 0.02195
Pdest_CA_v0.1-102 90000 110000 0.03375
Pdest_CA_v0.1-104 0 20000 0.563213
Pdest_CA_v0.1-104 100000 120000 0.157057
Pdest_CA_v0.1-104 10000 30000 0.0731
Pdest_CA_v0.1-104 110000 120235 0.242487
Pdest_CA_v0.1-104 20000 40000 0.00475
Pdest_CA_v0.1-104 30000 50000 0.00475475
Pdest_CA_v0.1-104 40000 60000 0
Pdest_CA_v0.1-104 50000 70000 0
Pdest_CA_v0.1-104 60000 80000 0
Pdest_CA_v0.1-104 70000 90000 0.0034
Pdest_CA_v0.1-104 80000 100000 0.0034
Pdest_CA_v0.1-104 90000 110000 0.04465
Pdest_CA_v0.1-106 0 20000 0.1538
Pdest_CA_v0.1-106 100000 119421 0.0204933
Pdest_CA_v0.1-106 10000 30000 0
Pdest_CA_v0.1-106 20000 40000 0.18115
Pdest_CA_v0.1-106 30000 50000 0.2305
Pdest_CA_v0.1-106 40000 60000 0.42255
Pdest_CA_v0.1-106 50000 70000 0.38115
Pdest_CA_v0.1-106 60000 80000 0.00795
Pdest_CA_v0.1-106 70000 90000 0
Pdest_CA_v0.1-106 80000 100000 0.0263
Pdest_CA_v0.1-106 90000 110000 0.0462
Pdest_CA_v0.1-108 0 20000 0.0144645
Pdest_CA_v0.1-108 100000 116997 0.126258
Pdest_CA_v0.1-108 10000 30000 0
Pdest_CA_v0.1-108 20000 40000 0
Pdest_CA_v0.1-108 30000 50000 0
Pdest_CA_v0.1-108 40000 60000 0.01145
Pdest_CA_v0.1-108 50000 70000 0.01145
Pdest_CA_v0.1-108 60000 80000 0
Pdest_CA_v0.1-108 70000 90000 0
Pdest_CA_v0.1-108 80000 100000 0.31135
Pdest_CA_v0.1-108 90000 110000 0.39175
Pdest_CA_v0.1-11 0 20000 0.11615
Pdest_CA_v0.1-11 100000 120000 0.683367
Pdest_CA_v0.1-11 10000 30000 0
Pdest_CA_v0.1-11 110000 130000 0.663577
Pdest_CA_v0.1-11 120000 140000 0.2461
Pdest_CA_v0.1-11 130000 150000 0
Pdest_CA_v0.1-11 140000 160000 0.0533
Pdest_CA_v0.1-11 150000 170000 0.06285
Pdest_CA_v0.1-11 160000 180000 0.00955
Pdest_CA_v0.1-11 170000 190000 0.20585
Pdest_CA_v0.1-11 180000 200000 0.4423
Pdest_CA_v0.1-11 190000 203285 0.595559
Pdest_CA_v0.1-11 20000 40000 0
Pdest_CA_v0.1-11 30000 50000 0.0331
Pdest_CA_v0.1-11 40000 60000 0.0331
Pdest_CA_v0.1-11 50000 70000 0.10315
Pdest_CA_v0.1-11 60000 80000 0.2403
Pdest_CA_v0.1-11 70000 90000 0.13715
Pdest_CA_v0.1-11 80000 100000 0
Pdest_CA_v0.1-11 90000 110000 0.26585
Pdest_CA_v0.1-110 0 20000 0.4532
Pdest_CA_v0.1-110 100000 110845 0.0219456
Pdest_CA_v0.1-110 10000 30000 0.22535
Pdest_CA_v0.1-110 20000 40000 0.00825
Pdest_CA_v0.1-110 30000 50000 0.00825826
Pdest_CA_v0.1-110 40000 60000 0.0582082
Pdest_CA_v0.1-110 50000 70000 0.05815
Pdest_CA_v0.1-110 60000 80000 0.0029
Pdest_CA_v0.1-110 70000 90000 0.33545
Pdest_CA_v0.1-110 80000 100000 0.3566
Pdest_CA_v0.1-110 90000 110000 0.03595
Pdest_CA_v0.1-112 0 20000 0.42005
Pdest_CA_v0.1-112 10000 30000 0.0051
Pdest_CA_v0.1-112 20000 40000 0.08925
Pdest_CA_v0.1-112 30000 50000 0.26755
Pdest_CA_v0.1-112 40000 60000 0.3613
Pdest_CA_v0.1-112 50000 70000 0.1857
Pdest_CA_v0.1-112 60000 80000 0.2091
Pdest_CA_v0.1-112 70000 90000 0.21825
Pdest_CA_v0.1-112 80000 100000 0.2948
Pdest_CA_v0.1-112 90000 106501 0.342949
Pdest_CA_v0.1-114 0 20000 0.45185
Pdest_CA_v0.1-114 10000 30000 0.13985
Pdest_CA_v0.1-114 20000 40000 0.042
Pdest_CA_v0.1-114 30000 50000 0.0213
Pdest_CA_v0.1-114 40000 60000 0
Pdest_CA_v0.1-114 50000 70000 0
Pdest_CA_v0.1-114 60000 80000 0
Pdest_CA_v0.1-114 70000 90000 0
Pdest_CA_v0.1-114 80000 100000 0.18021
Pdest_CA_v0.1-114 90000 104589 0.317135
Pdest_CA_v0.1-116 0 20000 0.24895
Pdest_CA_v0.1-116 10000 30000 0
Pdest_CA_v0.1-116 20000 40000 0
Pdest_CA_v0.1-116 30000 50000 0.0121
Pdest_CA_v0.1-116 40000 60000 0.0121
Pdest_CA_v0.1-116 50000 70000 0
Pdest_CA_v0.1-116 60000 80000 0.03505
Pdest_CA_v0.1-116 70000 90000 0.3903
Pdest_CA_v0.1-116 80000 100000 0.5103
Pdest_CA_v0.1-116 90000 102626 0.288769
Pdest_CA_v0.1-118 0 20000 0.3985
Pdest_CA_v0.1-118 10000 30000 0.45225
Pdest_CA_v0.1-118 20000 40000 0.34915
Pdest_CA_v0.1-118 30000 50000 0.48895
Pdest_CA_v0.1-118 40000 60000 0.53425
Pdest_CA_v0.1-118 50000 70000 0.287237
Pdest_CA_v0.1-118 60000 80000 0.0198699
Pdest_CA_v0.1-118 70000 90000 0.24085
Pdest_CA_v0.1-118 80000 100000 0.69925
Pdest_CA_v0.1-118 90000 102381 0.844035
Pdest_CA_v0.1-120 0 20000 0.01455
Pdest_CA_v0.1-120 10000 30000 0.16685
Pdest_CA_v0.1-120 20000 40000 0.15565
Pdest_CA_v0.1-120 30000 50000 0
Pdest_CA_v0.1-120 40000 60000 0
Pdest_CA_v0.1-120 50000 70000 0.0583
Pdest_CA_v0.1-120 60000 80000 0.0583
Pdest_CA_v0.1-120 70000 90000 0
Pdest_CA_v0.1-120 80000 100000 0.05295
Pdest_CA_v0.1-120 90000 100447 0.101369
Pdest_CA_v0.1-122 0 20000 0.011962
Pdest_CA_v0.1-122 10000 30000 0
Pdest_CA_v0.1-122 20000 40000 0.0102
Pdest_CA_v0.1-122 30000 50000 0.0102
Pdest_CA_v0.1-122 40000 60000 0.0138138
Pdest_CA_v0.1-122 50000 70000 0.0138138
Pdest_CA_v0.1-122 60000 80000 0
Pdest_CA_v0.1-122 70000 90000 0
Pdest_CA_v0.1-122 80000 99921 0.0622961
Pdest_CA_v0.1-124 0 20000 0.30115
Pdest_CA_v0.1-124 10000 30000 0
Pdest_CA_v0.1-124 20000 40000 0.21515
Pdest_CA_v0.1-124 30000 50000 0.21515
Pdest_CA_v0.1-124 40000 60000 0.0508
Pdest_CA_v0.1-124 50000 70000 0.0647
Pdest_CA_v0.1-124 60000 80000 0.0139
Pdest_CA_v0.1-124 70000 90000 0.1664
Pdest_CA_v0.1-124 80000 98038 0.188491
Pdest_CA_v0.1-126 0 20000 0.05195
Pdest_CA_v0.1-126 10000 30000 0.01235
Pdest_CA_v0.1-126 20000 40000 0
Pdest_CA_v0.1-126 30000 50000 0.0331663
Pdest_CA_v0.1-126 40000 60000 0.0352352
Pdest_CA_v0.1-126 50000 70000 0.0021
Pdest_CA_v0.1-126 60000 80000 0
Pdest_CA_v0.1-126 70000 90000 0
Pdest_CA_v0.1-126 80000 97140 0
Pdest_CA_v0.1-128 0 20000 0.2551
Pdest_CA_v0.1-128 10000 30000 0.398
Pdest_CA_v0.1-128 20000 40000 0.64475
Pdest_CA_v0.1-128 30000 50000 0.24675
Pdest_CA_v0.1-128 40000 60000 0
Pdest_CA_v0.1-128 50000 70000 0
Pdest_CA_v0.1-128 60000 80000 0
Pdest_CA_v0.1-128 70000 90000 0
Pdest_CA_v0.1-128 80000 96930 0.0427053
Pdest_CA_v0.1-13 0 20000 0.01985
Pdest_CA_v0.1-13 100000 120000 0
Pdest_CA_v0.1-13 10000 30000 0.00615616
Pdest_CA_v0.1-13 110000 130000 0.005
Pdest_CA_v0.1-13 120000 140000 0.20045
Pdest_CA_v0.1-13 130000 150000 0.19545
Pdest_CA_v0.1-13 140000 160000 0
Pdest_CA_v0.1-13 150000 168626 0.14447
Pdest_CA_v0.1-13 20000 40000 0.243443
Pdest_CA_v0.1-13 30000 50000 0.23705
Pdest_CA_v0.1-13 40000 60000 0
Pdest_CA_v0.1-13 50000 70000 0
Pdest_CA_v0.1-13 60000 80000 0
Pdest_CA_v0.1-13 70000 90000 0.063013
Pdest_CA_v0.1-13 80000 100000 0.1014
Pdest_CA_v0.1-13 90000 110000 0.03845
Pdest_CA_v0.1-130 0 20000 0.47475
Pdest_CA_v0.1-130 10000 30000 0.158
Pdest_CA_v0.1-130 20000 40000 0.17
Pdest_CA_v0.1-130 30000 50000 0.1136
Pdest_CA_v0.1-130 40000 60000 0.02055
Pdest_CA_v0.1-130 50000 70000 0
Pdest_CA_v0.1-130 60000 80000 0
Pdest_CA_v0.1-130 70000 90000 0.1329
Pdest_CA_v0.1-130 80000 95026 0.497937
Pdest_CA_v0.1-132 0 20000 0.1355
Pdest_CA_v0.1-132 10000 30000 0.0191
Pdest_CA_v0.1-132 20000 40000 0.0174
Pdest_CA_v0.1-132 30000 50000 0.02095
Pdest_CA_v0.1-132 40000 60000 0.06845
Pdest_CA_v0.1-132 50000 70000 0.25535
Pdest_CA_v0.1-132 60000 80000 0.20785
Pdest_CA_v0.1-132 70000 90000 0.0331
Pdest_CA_v0.1-132 80000 92900 0.0513178
Pdest_CA_v0.1-134 0 20000 0.331331
Pdest_CA_v0.1-134 10000 30000 0.00525
Pdest_CA_v0.1-134 20000 40000 0.0252
Pdest_CA_v0.1-134 30000 50000 0.01997
Pdest_CA_v0.1-134 40000 60000 0
Pdest_CA_v0.1-134 50000 70000 0
Pdest_CA_v0.1-134 60000 80000 0.01945
Pdest_CA_v0.1-134 70000 90000 0.0230932
Pdest_CA_v0.1-134 80000 91730 0.0353266
Pdest_CA_v0.1-136 0 20000 0.3139
Pdest_CA_v0.1-136 10000 30000 0.07885
Pdest_CA_v0.1-136 20000 40000 0.07885
Pdest_CA_v0.1-136 30000 50000 0
Pdest_CA_v0.1-136 40000 60000 0
Pdest_CA_v0.1-136 50000 70000 0
Pdest_CA_v0.1-136 60000 80000 0.14295
Pdest_CA_v0.1-136 70000 89794 0.595281
Pdest_CA_v0.1-138 0 20000 0.3623
Pdest_CA_v0.1-138 10000 30000 0.22645
Pdest_CA_v0.1-138 20000 40000 0.4791
Pdest_CA_v0.1-138 30000 50000 0.3572
Pdest_CA_v0.1-138 40000 60000 0.37
Pdest_CA_v0.1-138 50000 70000 0.3116
Pdest_CA_v0.1-138 60000 80000 0.04945
Pdest_CA_v0.1-138 70000 87660 0.34932
Pdest_CA_v0.1-140 0 20000 0.0913
Pdest_CA_v0.1-140 10000 30000 0.06225
Pdest_CA_v0.1-140 20000 40000 0.01345
Pdest_CA_v0.1-140 30000 50000 0
Pdest_CA_v0.1-140 40000 60000 0.11435
Pdest_CA_v0.1-140 50000 70000 0.11435
Pdest_CA_v0.1-140 60000 80000 0
Pdest_CA_v0.1-140 70000 86116 0
Pdest_CA_v0.1-142 0 20000 0.0179179
Pdest_CA_v0.1-142 10000 30000 0
Pdest_CA_v0.1-142 20000 40000 0
Pdest_CA_v0.1-142 30000 50000 0
Pdest_CA_v0.1-142 40000 60000 0.03945
Pdest_CA_v0.1-142 50000 70000 0.0468
Pdest_CA_v0.1-142 60000 80000 0.26095
Pdest_CA_v0.1-142 70000 83858 0.383749
Pdest_CA_v0.1-144 0 20000 0.2692
Pdest_CA_v0.1-144 10000 30000 0.08985
Pdest_CA_v0.1-144 20000 40000 0
Pdest_CA_v0.1-144 30000 50000 0.02075
Pdest_CA_v0.1-144 40000 60000 0.29925
Pdest_CA_v0.1-144 50000 70000 0.35315
Pdest_CA_v0.1-144 60000 80000 0.5736
Pdest_CA_v0.1-144 70000 81165 0.995074
Pdest_CA_v0.1-146 0 20000 0.04675
Pdest_CA_v0.1-146 10000 30000 0.07045
Pdest_CA_v0.1-146 20000 40000 0.0237
Pdest_CA_v0.1-146 30000 50000 0
Pdest_CA_v0.1-146 40000 60000 0.0867
Pdest_CA_v0.1-146 50000 70000 0.160711
Pdest_CA_v0.1-146 60000 79381 0.0870306
Pdest_CA_v0.1-148 0 20000 0.37545
Pdest_CA_v0.1-148 10000 30000 0.0522
Pdest_CA_v0.1-148 20000 40000 0.00745
Pdest_CA_v0.1-148 30000 50000 0.01375
Pdest_CA_v0.1-148 40000 60000 0.01375
Pdest_CA_v0.1-148 50000 70000 0.03565
Pdest_CA_v0.1-148 60000 77277 0.413787
Pdest_CA_v0.1-15 0 20000 0.6335
Pdest_CA_v0.1-15 100000 120000 0.1255
Pdest_CA_v0.1-15 10000 30000 0.5804
Pdest_CA_v0.1-15 110000 130000 0.27925
Pdest_CA_v0.1-15 120000 140000 0.15375
Pdest_CA_v0.1-15 130000 150000 0.2692
Pdest_CA_v0.1-15 140000 160000 0.67
Pdest_CA_v0.1-15 150000 160460 0.810325
Pdest_CA_v0.1-15 20000 40000 0.31555
Pdest_CA_v0.1-15 30000 50000 0.325726
Pdest_CA_v0.1-15 40000 60000 0.559309
Pdest_CA_v0.1-15 50000 70000 0.6957
Pdest_CA_v0.1-15 60000 80000 0.69785
Pdest_CA_v0.1-15 70000 90000 0.6018
Pdest_CA_v0.1-15 80000 100000 0.2328
Pdest_CA_v0.1-15 90000 110000 0.02145
Pdest_CA_v0.1-150 0 20000 0.673574
Pdest_CA_v0.1-150 10000 30000 0.346897
Pdest_CA_v0.1-150 20000 40000 0.1852
Pdest_CA_v0.1-150 30000 50000 0.19015
Pdest_CA_v0.1-150 40000 60000 0.00495
Pdest_CA_v0.1-150 50000 70000 0
Pdest_CA_v0.1-150 60000 76128 0.151848
Pdest_CA_v0.1-152 0 20000 0.392793
Pdest_CA_v0.1-152 10000 30000 0.039
Pdest_CA_v0.1-152 20000 40000 0.22685
Pdest_CA_v0.1-152 30000 50000 0.3122
Pdest_CA_v0.1-152 40000 60000 0.2766
Pdest_CA_v0.1-152 50000 70000 0.307
Pdest_CA_v0.1-152 60000 73906 0.210844
Pdest_CA_v0.1-154 0 20000 0
Pdest_CA_v0.1-154 10000 30000 0.254755
Pdest_CA_v0.1-154 20000 40000 0.264314
Pdest_CA_v0.1-154 30000 50000 0.0476
Pdest_CA_v0.1-154 40000 60000 0.03805
Pdest_CA_v0.1-154 50000 70000 0.2342
Pdest_CA_v0.1-154 60000 73038 0.592192
Pdest_CA_v0.1-156 0 20000 0.0344
Pdest_CA_v0.1-156 10000 30000 0.004
Pdest_CA_v0.1-156 20000 40000 0.0279
Pdest_CA_v0.1-156 30000 50000 0.1406
Pdest_CA_v0.1-156 40000 60000 0.47905
Pdest_CA_v0.1-156 50000 70000 0.47415
Pdest_CA_v0.1-156 60000 71665 0.184826
Pdest_CA_v0.1-158 0 20000 0.1354
Pdest_CA_v0.1-158 10000 30000 0.0916
Pdest_CA_v0.1-158 20000 40000 0.208
Pdest_CA_v0.1-158 30000 50000 0.2014
Pdest_CA_v0.1-158 40000 60000 0
Pdest_CA_v0.1-158 50000 70000 0
Pdest_CA_v0.1-158 60000 70399 0
Pdest_CA_v0.1-160 0 20000 0.3791
Pdest_CA_v0.1-160 10000 30000 0.1099
Pdest_CA_v0.1-160 20000 40000 0.1099
Pdest_CA_v0.1-160 30000 50000 0
Pdest_CA_v0.1-160 40000 60000 0
Pdest_CA_v0.1-160 50000 68839 0.298317
Pdest_CA_v0.1-162 0 20000 0.68485
Pdest_CA_v0.1-162 10000 30000 0.29685
Pdest_CA_v0.1-162 20000 40000 0.0352
Pdest_CA_v0.1-162 30000 50000 0
Pdest_CA_v0.1-162 40000 60000 0
Pdest_CA_v0.1-162 50000 67149 0.0358621
Pdest_CA_v0.1-164 0 20000 0.65735
Pdest_CA_v0.1-164 10000 30000 0.33435
Pdest_CA_v0.1-164 20000 40000 0.3565
Pdest_CA_v0.1-164 30000 50000 0.4301
Pdest_CA_v0.1-164 40000 60000 0.6444
Pdest_CA_v0.1-164 50000 66316 0.756864
Pdest_CA_v0.1-166 0 20000 0.4742
Pdest_CA_v0.1-166 10000 30000 0.1599
Pdest_CA_v0.1-166 20000 40000 0.01055
Pdest_CA_v0.1-166 30000 50000 0
Pdest_CA_v0.1-166 40000 60000 0.25365
Pdest_CA_v0.1-166 50000 65642 0.378021
Pdest_CA_v0.1-168 0 20000 0
Pdest_CA_v0.1-168 10000 30000 0
Pdest_CA_v0.1-168 20000 40000 0
Pdest_CA_v0.1-168 30000 50000 0.097
Pdest_CA_v0.1-168 40000 60000 0.097
Pdest_CA_v0.1-168 50000 64845 0
Pdest_CA_v0.1-17 0 20000 0.335521
Pdest_CA_v0.1-17 100000 120000 0.004
Pdest_CA_v0.1-17 10000 30000 0.1014
Pdest_CA_v0.1-17 110000 130000 0.07685
Pdest_CA_v0.1-17 120000 140000 0.07685
Pdest_CA_v0.1-17 130000 150000 0.17435
Pdest_CA_v0.1-17 140000 152009 0.356066
Pdest_CA_v0.1-17 20000 40000 0.0525
Pdest_CA_v0.1-17 30000 50000 0.0597
Pdest_CA_v0.1-17 40000 60000 0.18905
Pdest_CA_v0.1-17 50000 70000 0.27025
Pdest_CA_v0.1-17 60000 80000 0.1409
Pdest_CA_v0.1-17 70000 90000 0.00771543
Pdest_CA_v0.1-17 80000 100000 0.0515531
Pdest_CA_v0.1-17 90000 110000 0.04775
Pdest_CA_v0.1-170 0 20000 0
Pdest_CA_v0.1-170 10000 30000 0.4116
Pdest_CA_v0.1-170 20000 40000 0.4475
Pdest_CA_v0.1-170 30000 50000 0.0359
Pdest_CA_v0.1-170 40000 60000 0.0174
Pdest_CA_v0.1-170 50000 64470 0.0240498
Pdest_CA_v0.1-172 0 20000 0.40295
Pdest_CA_v0.1-172 10000 30000 0.06935
Pdest_CA_v0.1-172 20000 40000 0.0676
Pdest_CA_v0.1-172 30000 50000 0.0429
Pdest_CA_v0.1-172 40000 60000 0.0896
Pdest_CA_v0.1-172 50000 64104 0.409671
Pdest_CA_v0.1-174 0 20000 0.0182
Pdest_CA_v0.1-174 10000 30000 0.03745
Pdest_CA_v0.1-174 20000 40000 0.4146
Pdest_CA_v0.1-174 30000 50000 0.6073
Pdest_CA_v0.1-174 40000 60000 0.30125
Pdest_CA_v0.1-174 50000 62828 0.158092
Pdest_CA_v0.1-176 0 20000 0
Pdest_CA_v0.1-176 10000 30000 0
Pdest_CA_v0.1-176 20000 40000 0.04445
Pdest_CA_v0.1-176 30000 50000 0.395
Pdest_CA_v0.1-176 40000 60000 0.6048
Pdest_CA_v0.1-176 50000 62543 0.608148
Pdest_CA_v0.1-178 0 20000 0.01955
Pdest_CA_v0.1-178 10000 30000 0.00645
Pdest_CA_v0.1-178 20000 40000 0.1091
Pdest_CA_v0.1-178 30000 50000 0.12955
Pdest_CA_v0.1-178 40000 60000 0.26725
Pdest_CA_v0.1-178 50000 61439 0.541656
Pdest_CA_v0.1-180 0 20000 0.23515
Pdest_CA_v0.1-180 10000 30000 0.08335
Pdest_CA_v0.1-180 20000 40000 0.01195
Pdest_CA_v0.1-180 30000 50000 0.01195
Pdest_CA_v0.1-180 40000 60000 0.00870871
Pdest_CA_v0.1-180 50000 60678 0.0771252
Pdest_CA_v0.1-182 0 20000 0.02195
Pdest_CA_v0.1-182 10000 30000 0.02195
Pdest_CA_v0.1-182 20000 40000 0.07605
Pdest_CA_v0.1-182 30000 50000 0.13245
Pdest_CA_v0.1-182 40000 59148 0.523292
Pdest_CA_v0.1-184 0 20000 0.0172
Pdest_CA_v0.1-184 10000 30000 0.02275
Pdest_CA_v0.1-184 20000 40000 0.125
Pdest_CA_v0.1-184 30000 50000 0.11945
Pdest_CA_v0.1-184 40000 58927 0
Pdest_CA_v0.1-186 0 20000 0.07905
Pdest_CA_v0.1-186 10000 30000 0.02885
Pdest_CA_v0.1-186 20000 40000 0.076
Pdest_CA_v0.1-186 30000 50000 0.04715
Pdest_CA_v0.1-186 40000 58360 0
Pdest_CA_v0.1-188 0 20000 0.01835
Pdest_CA_v0.1-188 10000 30000 0.01835
Pdest_CA_v0.1-188 20000 40000 0.00915
Pdest_CA_v0.1-188 30000 50000 0.1996
Pdest_CA_v0.1-188 40000 55604 0.359523
Pdest_CA_v0.1-19 0 20000 0.1108
Pdest_CA_v0.1-19 100000 120000 0.0288
Pdest_CA_v0.1-19 10000 30000 0.1087
Pdest_CA_v0.1-19 110000 130000 0.015
Pdest_CA_v0.1-19 120000 134948 0.218892
Pdest_CA_v0.1-19 20000 40000 0.19145
Pdest_CA_v0.1-19 30000 50000 0.189561
Pdest_CA_v0.1-19 40000 60000 0.0234945
Pdest_CA_v0.1-19 50000 70000 0.00515719
Pdest_CA_v0.1-19 60000 80000 0.173373
Pdest_CA_v0.1-19 70000 90000 0.293694
Pdest_CA_v0.1-19 80000 100000 0.1737
Pdest_CA_v0.1-19 90000 110000 0.07865
Pdest_CA_v0.1-190 0 20000 0.21835
Pdest_CA_v0.1-190 10000 30000 0.0112
Pdest_CA_v0.1-190 20000 40000 0.11095
Pdest_CA_v0.1-190 30000 50000 0.11095
Pdest_CA_v0.1-190 40000 54295 0
Pdest_CA_v0.1-192 0 20000 0.00835
Pdest_CA_v0.1-192 10000 30000 0.17475
Pdest_CA_v0.1-192 20000 40000 0.28775
Pdest_CA_v0.1-192 30000 50000 0.1338
Pdest_CA_v0.1-192 40000 54090 0.0295955
Pdest_CA_v0.1-194 0 20000 0.26485
Pdest_CA_v0.1-194 10000 30000 0.2411
Pdest_CA_v0.1-194 20000 40000 0.2411
Pdest_CA_v0.1-194 30000 50000 0
Pdest_CA_v0.1-194 40000 52471 0
Pdest_CA_v0.1-196 0 20000 0
Pdest_CA_v0.1-196 10000 30000 0.0057
Pdest_CA_v0.1-196 20000 40000 0.0606
Pdest_CA_v0.1-196 30000 50000 0.39955
Pdest_CA_v0.1-196 40000 51866 0.596747
Pdest_CA_v0.1-198 0 20000 0.49825
Pdest_CA_v0.1-198 10000 30000 0.3608
Pdest_CA_v0.1-198 20000 40000 0.0593
Pdest_CA_v0.1-198 30000 50000 0
Pdest_CA_v0.1-198 40000 51340 0
Pdest_CA_v0.1-21 0 20000 0.0575075
Pdest_CA_v0.1-21 100000 120000 0.34945
Pdest_CA_v0.1-21 10000 30000 0
Pdest_CA_v0.1-21 110000 130000 0.14035
Pdest_CA_v0.1-21 120000 133488 0.333704
Pdest_CA_v0.1-21 20000 40000 0
Pdest_CA_v0.1-21 30000 50000 0.00275
Pdest_CA_v0.1-21 40000 60000 0.00275
Pdest_CA_v0.1-21 50000 70000 0.02475
Pdest_CA_v0.1-21 60000 80000 0.1354
Pdest_CA_v0.1-21 70000 90000 0.2051
Pdest_CA_v0.1-21 80000 100000 0.10915
Pdest_CA_v0.1-21 90000 110000 0.34805
Pdest_CA_v0.1-23 0 20000 0.022022
Pdest_CA_v0.1-23 100000 120000 0.1461
Pdest_CA_v0.1-23 10000 30000 0.00805806
Pdest_CA_v0.1-23 110000 125284 0.159055
Pdest_CA_v0.1-23 20000 40000 0.138
Pdest_CA_v0.1-23 30000 50000 0.3349
Pdest_CA_v0.1-23 40000 60000 0.4615
Pdest_CA_v0.1-23 50000 70000 0.2646
Pdest_CA_v0.1-23 60000 80000 0
Pdest_CA_v0.1-23 70000 90000 0.1079
Pdest_CA_v0.1-23 80000 100000 0.1079
Pdest_CA_v0.1-23 90000 110000 0.03955
Pdest_CA_v0.1-25 0 20000 0.1432
Pdest_CA_v0.1-25 100000 117945 0.36506
Pdest_CA_v0.1-25 10000 30000 0
Pdest_CA_v0.1-25 20000 40000 0
Pdest_CA_v0.1-25 30000 50000 0.16325
Pdest_CA_v0.1-25 40000 60000 0.16325
Pdest_CA_v0.1-25 50000 70000 0
Pdest_CA_v0.1-25 60000 80000 0.00805
Pdest_CA_v0.1-25 70000 90000 0.4366
Pdest_CA_v0.1-25 80000 100000 0.64345
Pdest_CA_v0.1-25 90000 110000 0.5156
Pdest_CA_v0.1-27 0 20000 0.02785
Pdest_CA_v0.1-27 100000 111562 0.293894
Pdest_CA_v0.1-27 10000 30000 0.0169
Pdest_CA_v0.1-27 20000 40000 0.230881
Pdest_CA_v0.1-27 30000 50000 0.306212
Pdest_CA_v0.1-27 40000 60000 0.0882883
Pdest_CA_v0.1-27 50000 70000 0
Pdest_CA_v0.1-27 60000 80000 0.0389
Pdest_CA_v0.1-27 70000 90000 0.0389
Pdest_CA_v0.1-27 80000 100000 0
Pdest_CA_v0.1-27 90000 110000 0.10055
Pdest_CA_v0.1-29 0 20000 0.43565
Pdest_CA_v0.1-29 10000 30000 0.095
Pdest_CA_v0.1-29 20000 40000 0.0409
Pdest_CA_v0.1-29 30000 50000 0.34035
Pdest_CA_v0.1-29 40000 60000 0.481932
Pdest_CA_v0.1-29 50000 70000 0.141241
Pdest_CA_v0.1-29 60000 80000 0.20105
Pdest_CA_v0.1-29 70000 90000 0.2183
Pdest_CA_v0.1-29 80000 100000 0.0646794
Pdest_CA_v0.1-29 90000 108247 0.35312
Pdest_CA_v0.1-3 0 20000 0.3203
Pdest_CA_v0.1-3 100000 120000 0.27215
Pdest_CA_v0.1-3 10000 30000 0.151902
Pdest_CA_v0.1-3 110000 130000 0.17525
Pdest_CA_v0.1-3 120000 140000 0.02935
Pdest_CA_v0.1-3 130000 150000 0.1931
Pdest_CA_v0.1-3 140000 160000 0.3787
Pdest_CA_v0.1-3 150000 170000 0.1856
Pdest_CA_v0.1-3 160000 180000 0.13085
Pdest_CA_v0.1-3 170000 190000 0.13085
Pdest_CA_v0.1-3 180000 200000 0
Pdest_CA_v0.1-3 190000 210000 0.36575
Pdest_CA_v0.1-3 200000 220000 0.3966
Pdest_CA_v0.1-3 20000 40000 0.157407
Pdest_CA_v0.1-3 210000 230000 0.21315
Pdest_CA_v0.1-3 220000 240000 0.25505
Pdest_CA_v0.1-3 230000 250000 0.34195
Pdest_CA_v0.1-3 240000 260000 0.29785
Pdest_CA_v0.1-3 250000 270000 0.02865
Pdest_CA_v0.1-3 260000 280000 0.07265
Pdest_CA_v0.1-3 270000 290000 0.3703
Pdest_CA_v0.1-3 280000 300000 0.29765
Pdest_CA_v0.1-3 290000 300341 0
Pdest_CA_v0.1-3 30000 50000 0.07395
Pdest_CA_v0.1-3 40000 60000 0.07905
Pdest_CA_v0.1-3 50000 70000 0.07905
Pdest_CA_v0.1-3 60000 80000 0.19005
Pdest_CA_v0.1-3 70000 90000 0.19005
Pdest_CA_v0.1-3 80000 100000 0
Pdest_CA_v0.1-3 90000 110000 0.12625
Pdest_CA_v0.1-31 0 20000 0.44075
Pdest_CA_v0.1-31 10000 30000 0.3032
Pdest_CA_v0.1-31 20000 40000 0.09575
Pdest_CA_v0.1-31 30000 50000 0.08905
Pdest_CA_v0.1-31 40000 60000 0.01525
Pdest_CA_v0.1-31 50000 70000 0.0355
Pdest_CA_v0.1-31 60000 80000 0.2115
Pdest_CA_v0.1-31 70000 90000 0.45705
Pdest_CA_v0.1-31 80000 92467 0.426406
Pdest_CA_v0.1-33 0 20000 0.36265
Pdest_CA_v0.1-33 10000 30000 0
Pdest_CA_v0.1-33 20000 40000 0
Pdest_CA_v0.1-33 30000 50000 0
Pdest_CA_v0.1-33 40000 60000 0.0299
Pdest_CA_v0.1-33 50000 70000 0.0299
Pdest_CA_v0.1-33 60000 80000 0
Pdest_CA_v0.1-33 70000 85225 0.270805
Pdest_CA_v0.1-35 0 20000 0.271371
Pdest_CA_v0.1-35 10000 30000 0.46455
Pdest_CA_v0.1-35 20000 40000 0.4609
Pdest_CA_v0.1-35 30000 50000 0.06835
Pdest_CA_v0.1-35 40000 60000 0.1148
Pdest_CA_v0.1-35 50000 70000 0.25595
Pdest_CA_v0.1-35 60000 78630 0.15153
Pdest_CA_v0.1-37 0 20000 0.44085
Pdest_CA_v0.1-37 10000 30000 0.0534
Pdest_CA_v0.1-37 20000 40000 0.0307
Pdest_CA_v0.1-37 30000 50000 0.0342
Pdest_CA_v0.1-37 40000 60000 0.0093
Pdest_CA_v0.1-37 50000 70000 0.08275
Pdest_CA_v0.1-37 60000 71553 0.267636
Pdest_CA_v0.1-39 0 20000 0.711011
Pdest_CA_v0.1-39 10000 30000 0.4091
Pdest_CA_v0.1-39 20000 40000 0.1176
Pdest_CA_v0.1-39 30000 50000 0.33075
Pdest_CA_v0.1-39 40000 60000 0.52265
Pdest_CA_v0.1-39 50000 66829 0.367817
Pdest_CA_v0.1-41 0 20000 0
Pdest_CA_v0.1-41 10000 30000 0
Pdest_CA_v0.1-41 20000 40000 0
Pdest_CA_v0.1-41 30000 50000 0
Pdest_CA_v0.1-41 40000 60000 0.03535
Pdest_CA_v0.1-41 50000 63784 0.293021
Pdest_CA_v0.1-43 0 20000 0.6697
Pdest_CA_v0.1-43 10000 30000 0.2076
Pdest_CA_v0.1-43 20000 40000 0.01875
Pdest_CA_v0.1-43 30000 50000 0.3172
Pdest_CA_v0.1-43 40000 57957 0.353288
Pdest_CA_v0.1-45 0 20000 0.28915
Pdest_CA_v0.1-45 10000 30000 0.4121
Pdest_CA_v0.1-45 20000 40000 0.413691
Pdest_CA_v0.1-45 30000 50000 0.27347
Pdest_CA_v0.1-45 40000 51518 0
Pdest_CA_v0.1-5 0 20000 0.268769
Pdest_CA_v0.1-5 100000 120000 0.0601
Pdest_CA_v0.1-5 10000 30000 0.37415
Pdest_CA_v0.1-5 110000 130000 0
Pdest_CA_v0.1-5 120000 140000 0.0098
Pdest_CA_v0.1-5 130000 150000 0.1669
Pdest_CA_v0.1-5 140000 160000 0.40905
Pdest_CA_v0.1-5 150000 170000 0.25975
Pdest_CA_v0.1-5 160000 180000 0.0078
Pdest_CA_v0.1-5 170000 190000 0.1974
Pdest_CA_v0.1-5 180000 200000 0.1974
Pdest_CA_v0.1-5 190000 210000 0
Pdest_CA_v0.1-5 200000 220000 0
Pdest_CA_v0.1-5 20000 40000 0.40835
Pdest_CA_v0.1-5 210000 230000 0.15535
Pdest_CA_v0.1-5 220000 240000 0.2211
Pdest_CA_v0.1-5 230000 250000 0.34125
Pdest_CA_v0.1-5 240000 260000 0.2755
Pdest_CA_v0.1-5 250000 270000 0
Pdest_CA_v0.1-5 260000 280000 0.139
Pdest_CA_v0.1-5 270000 288370 0.25215
Pdest_CA_v0.1-5 30000 50000 0.05055
Pdest_CA_v0.1-5 40000 60000 0.0128
Pdest_CA_v0.1-5 50000 70000 0.0128
Pdest_CA_v0.1-5 60000 80000 0.01145
Pdest_CA_v0.1-5 70000 90000 0.01145
Pdest_CA_v0.1-5 80000 100000 0
Pdest_CA_v0.1-5 90000 110000 0.0601
Pdest_CA_v0.1-68 0 20000 0.10855
Pdest_CA_v0.1-68 100000 120000 0
Pdest_CA_v0.1-68 10000 30000 0.03925
Pdest_CA_v0.1-68 110000 130000 0
Pdest_CA_v0.1-68 120000 140000 0
Pdest_CA_v0.1-68 130000 150000 0.3178
Pdest_CA_v0.1-68 140000 160000 0.5276
Pdest_CA_v0.1-68 150000 170000 0.41225
Pdest_CA_v0.1-68 160000 180000 0.24625
Pdest_CA_v0.1-68 170000 190000 0.0438
Pdest_CA_v0.1-68 180000 200000 0
Pdest_CA_v0.1-68 190000 210000 0.1942
Pdest_CA_v0.1-68 200000 220000 0.46565
Pdest_CA_v0.1-68 20000 40000 0.1972
Pdest_CA_v0.1-68 210000 230000 0.2851
Pdest_CA_v0.1-68 220000 240000 0.28565
Pdest_CA_v0.1-68 230000 250000 0.272
Pdest_CA_v0.1-68 240000 260000 0
Pdest_CA_v0.1-68 250000 270000 0
Pdest_CA_v0.1-68 260000 280000 0.1023
Pdest_CA_v0.1-68 270000 290000 0.15085
Pdest_CA_v0.1-68 280000 300000 0.09725
Pdest_CA_v0.1-68 290000 310000 0.0487
Pdest_CA_v0.1-68 300000 320000 0
Pdest_CA_v0.1-68 30000 50000 0.1937
Pdest_CA_v0.1-68 310000 330000 0.00825
Pdest_CA_v0.1-68 320000 340000 0.00825
Pdest_CA_v0.1-68 330000 350000 0
Pdest_CA_v0.1-68 340000 360000 0.01865
Pdest_CA_v0.1-68 350000 370000 0.10635
Pdest_CA_v0.1-68 360000 380000 0.1368
Pdest_CA_v0.1-68 370000 390000 0.354
Pdest_CA_v0.1-68 380000 399461 0.685319
Pdest_CA_v0.1-68 40000 60000 0
Pdest_CA_v0.1-68 50000 70000 0
Pdest_CA_v0.1-68 60000 80000 0
Pdest_CA_v0.1-68 70000 90000 0.367417
Pdest_CA_v0.1-68 80000 100000 0.441041
Pdest_CA_v0.1-68 90000 110000 0.07355
Pdest_CA_v0.1-7 0 20000 0.01285
Pdest_CA_v0.1-7 100000 120000 0.528
Pdest_CA_v0.1-7 10000 30000 0.0101
Pdest_CA_v0.1-7 110000 130000 0.44435
Pdest_CA_v0.1-7 120000 140000 0.20935
Pdest_CA_v0.1-7 130000 150000 0.1315
Pdest_CA_v0.1-7 140000 160000 0.0056
Pdest_CA_v0.1-7 150000 170000 0.0031
Pdest_CA_v0.1-7 160000 180000 0
Pdest_CA_v0.1-7 170000 190000 0
Pdest_CA_v0.1-7 180000 200000 0.1798
Pdest_CA_v0.1-7 190000 210000 0.4965
Pdest_CA_v0.1-7 200000 220000 0.7849
Pdest_CA_v0.1-7 20000 40000 0.03545
Pdest_CA_v0.1-7 210000 230000 0.52695
Pdest_CA_v0.1-7 220000 240000 0.25135
Pdest_CA_v0.1-7 230000 242754 0.302023
Pdest_CA_v0.1-7 30000 50000 0.04545
Pdest_CA_v0.1-7 40000 60000 0.01
Pdest_CA_v0.1-7 50000 70000 0
Pdest_CA_v0.1-7 60000 80000 0
Pdest_CA_v0.1-7 70000 90000 0.1224
Pdest_CA_v0.1-7 80000 100000 0.28255
Pdest_CA_v0.1-7 90000 110000 0.32415
Pdest_CA_v0.1-70 0 20000 0
Pdest_CA_v0.1-70 100000 120000 0.3259
Pdest_CA_v0.1-70 10000 30000 0.0373
Pdest_CA_v0.1-70 110000 130000 0.34385
Pdest_CA_v0.1-70 120000 140000 0.1071
Pdest_CA_v0.1-70 130000 150000 0
Pdest_CA_v0.1-70 140000 160000 0.0291
Pdest_CA_v0.1-70 150000 170000 0.4254
Pdest_CA_v0.1-70 160000 180000 0.62955
Pdest_CA_v0.1-70 170000 190000 0.5215
Pdest_CA_v0.1-70 180000 200000 0.50815
Pdest_CA_v0.1-70 190000 210000 0.30805
Pdest_CA_v0.1-70 200000 220000 0.08815
Pdest_CA_v0.1-70 20000 40000 0.0373
Pdest_CA_v0.1-70 210000 230000 0
Pdest_CA_v0.1-70 220000 240000 0
Pdest_CA_v0.1-70 230000 250000 0.0041
Pdest_CA_v0.1-70 240000 260000 0.0041
Pdest_CA_v0.1-70 250000 270000 0
Pdest_CA_v0.1-70 260000 280000 0.0072
Pdest_CA_v0.1-70 270000 290000 0.0072
Pdest_CA_v0.1-70 280000 300000 0
Pdest_CA_v0.1-70 290000 310000 0
Pdest_CA_v0.1-70 300000 318371 0.386043
Pdest_CA_v0.1-70 30000 50000 0
Pdest_CA_v0.1-70 40000 60000 0
Pdest_CA_v0.1-70 50000 70000 0
Pdest_CA_v0.1-70 60000 80000 0.0054
Pdest_CA_v0.1-70 70000 90000 0.0054
Pdest_CA_v0.1-70 80000 100000 0
Pdest_CA_v0.1-70 90000 110000 0.08915
Pdest_CA_v0.1-72 0 20000 0.6697
Pdest_CA_v0.1-72 100000 120000 0.132883
Pdest_CA_v0.1-72 10000 30000 0.2304
Pdest_CA_v0.1-72 110000 130000 0.10635
Pdest_CA_v0.1-72 120000 140000 0.04535
Pdest_CA_v0.1-72 130000 150000 0
Pdest_CA_v0.1-72 140000 160000 0
Pdest_CA_v0.1-72 150000 170000 0.0659
Pdest_CA_v0.1-72 160000 180000 0.16055
Pdest_CA_v0.1-72 170000 190000 0.09465
Pdest_CA_v0.1-72 180000 200000 0
Pdest_CA_v0.1-72 190000 210000 0
Pdest_CA_v0.1-72 200000 220000 0
Pdest_CA_v0.1-72 20000 40000 0.02095
Pdest_CA_v0.1-72 210000 230000 0.0964
Pdest_CA_v0.1-72 220000 240000 0.0964
Pdest_CA_v0.1-72 230000 250000 0.0346
Pdest_CA_v0.1-72 240000 260000 0.0392
Pdest_CA_v0.1-72 250000 270000 0.0046
Pdest_CA_v0.1-72 260000 280000 0
Pdest_CA_v0.1-72 270000 290000 0.0107
Pdest_CA_v0.1-72 280000 299551 0.136515
Pdest_CA_v0.1-72 30000 50000 0
Pdest_CA_v0.1-72 40000 60000 0
Pdest_CA_v0.1-72 50000 70000 0
Pdest_CA_v0.1-72 60000 80000 0.0102
Pdest_CA_v0.1-72 70000 90000 0.0102
Pdest_CA_v0.1-72 80000 100000 0.00185
Pdest_CA_v0.1-72 90000 110000 0.0736737
Pdest_CA_v0.1-74 0 20000 0.0847
Pdest_CA_v0.1-74 100000 120000 0
Pdest_CA_v0.1-74 10000 30000 0.0539
Pdest_CA_v0.1-74 110000 130000 0
Pdest_CA_v0.1-74 120000 140000 0
Pdest_CA_v0.1-74 130000 150000 0
Pdest_CA_v0.1-74 140000 160000 0
Pdest_CA_v0.1-74 150000 170000 0
Pdest_CA_v0.1-74 160000 180000 0
Pdest_CA_v0.1-74 170000 190000 0.25625
Pdest_CA_v0.1-74 180000 200000 0.71205
Pdest_CA_v0.1-74 190000 210000 0.64455
Pdest_CA_v0.1-74 200000 220000 0.18875
Pdest_CA_v0.1-74 20000 40000 0
Pdest_CA_v0.1-74 210000 230000 0.06025
Pdest_CA_v0.1-74 220000 240000 0.17015
Pdest_CA_v0.1-74 230000 250000 0.1099
Pdest_CA_v0.1-74 240000 254480 0
Pdest_CA_v0.1-74 30000 50000 0
Pdest_CA_v0.1-74 40000 60000 0.0121
Pdest_CA_v0.1-74 50000 70000 0.0121
Pdest_CA_v0.1-74 60000 80000 0
Pdest_CA_v0.1-74 70000 90000 0.22285
Pdest_CA_v0.1-74 80000 100000 0.5127
Pdest_CA_v0.1-74 90000 110000 0.28985
Pdest_CA_v0.1-76 0 20000 0.23805
Pdest_CA_v0.1-76 100000 120000 0.182
Pdest_CA_v0.1-76 10000 30000 0.00715
Pdest_CA_v0.1-76 110000 130000 0.5825
Pdest_CA_v0.1-76 120000 140000 0.4005
Pdest_CA_v0.1-76 130000 150000 0.1701
Pdest_CA_v0.1-76 140000 160000 0.1701
Pdest_CA_v0.1-76 150000 170000 0
Pdest_CA_v0.1-76 160000 180000 0.22285
Pdest_CA_v0.1-76 170000 190000 0.22285
Pdest_CA_v0.1-76 180000 200000 0
Pdest_CA_v0.1-76 190000 210000 0
Pdest_CA_v0.1-76 200000 220000 0.09595
Pdest_CA_v0.1-76 20000 40000 0
Pdest_CA_v0.1-76 210000 220841 0.205516
Pdest_CA_v0.1-76 30000 50000 0.03145
Pdest_CA_v0.1-76 40000 60000 0.0831
Pdest_CA_v0.1-76 50000 70000 0.05165
Pdest_CA_v0.1-76 60000 80000 0
Pdest_CA_v0.1-76 70000 90000 0
Pdest_CA_v0.1-76 80000 100000 0
Pdest_CA_v0.1-76 90000 110000 0
Pdest_CA_v0.1-78 0 20000 0.4364
Pdest_CA_v0.1-78 100000 120000 0.056
Pdest_CA_v0.1-78 10000 30000 0.08295
Pdest_CA_v0.1-78 110000 130000 0.0354
Pdest_CA_v0.1-78 120000 140000 0
Pdest_CA_v0.1-78 130000 150000 0
Pdest_CA_v0.1-78 140000 160000 0
Pdest_CA_v0.1-78 150000 170000 0.0559
Pdest_CA_v0.1-78 160000 180000 0.06395
Pdest_CA_v0.1-78 170000 190000 0.0105
Pdest_CA_v0.1-78 180000 200000 0.00245
Pdest_CA_v0.1-78 190000 208435 0.00309194
Pdest_CA_v0.1-78 20000 40000 0.19225
Pdest_CA_v0.1-78 30000 50000 0.15985
Pdest_CA_v0.1-78 40000 60000 0.00675
Pdest_CA_v0.1-78 50000 70000 0.06715
Pdest_CA_v0.1-78 60000 80000 0.30135
Pdest_CA_v0.1-78 70000 90000 0.23745
Pdest_CA_v0.1-78 80000 100000 0.00325
Pdest_CA_v0.1-78 90000 110000 0.0206
Pdest_CA_v0.1-80 0 20000 0
Pdest_CA_v0.1-80 100000 120000 0.09805
Pdest_CA_v0.1-80 10000 30000 0
Pdest_CA_v0.1-80 110000 130000 0
Pdest_CA_v0.1-80 120000 140000 0.0057
Pdest_CA_v0.1-80 130000 150000 0.0057
Pdest_CA_v0.1-80 140000 160000 0.0791
Pdest_CA_v0.1-80 150000 170000 0.2343
Pdest_CA_v0.1-80 160000 180000 0.4499
Pdest_CA_v0.1-80 170000 189311 0.595818
Pdest_CA_v0.1-80 20000 40000 0
Pdest_CA_v0.1-80 30000 50000 0.02785
Pdest_CA_v0.1-80 40000 60000 0.02785
Pdest_CA_v0.1-80 50000 70000 0
Pdest_CA_v0.1-80 60000 80000 0.1505
Pdest_CA_v0.1-80 70000 90000 0.27305
Pdest_CA_v0.1-80 80000 100000 0.42515
Pdest_CA_v0.1-80 90000 110000 0.40065
Pdest_CA_v0.1-82 0 20000 0.40505
Pdest_CA_v0.1-82 100000 120000 0.23215
Pdest_CA_v0.1-82 10000 30000 0.22655
Pdest_CA_v0.1-82 110000 130000 0.4017
Pdest_CA_v0.1-82 120000 140000 0.3838
Pdest_CA_v0.1-82 130000 150000 0.2797
Pdest_CA_v0.1-82 140000 160000 0.31915
Pdest_CA_v0.1-82 150000 170000 0.28865
Pdest_CA_v0.1-82 160000 180000 0.03495
Pdest_CA_v0.1-82 170000 183095 0.103704
Pdest_CA_v0.1-82 20000 40000 0.22655
Pdest_CA_v0.1-82 30000 50000 0.245
Pdest_CA_v0.1-82 40000 60000 0.245
Pdest_CA_v0.1-82 50000 70000 0.0315
Pdest_CA_v0.1-82 60000 80000 0.06565
Pdest_CA_v0.1-82 70000 90000 0.038
Pdest_CA_v0.1-82 80000 100000 0.02035
Pdest_CA_v0.1-82 90000 110000 0.0165
Pdest_CA_v0.1-820 0 20000 0.00395395
Pdest_CA_v0.1-820 100000 120000 0.0123
Pdest_CA_v0.1-820 10000 30000 0.00580581
Pdest_CA_v0.1-820 110000 130000 0
Pdest_CA_v0.1-820 120000 132462 0
Pdest_CA_v0.1-820 20000 40000 0.00185
Pdest_CA_v0.1-820 30000 50000 0
Pdest_CA_v0.1-820 40000 60000 0.04815
Pdest_CA_v0.1-820 50000 70000 0.0626
Pdest_CA_v0.1-820 60000 80000 0.11535
Pdest_CA_v0.1-820 70000 90000 0.1364
Pdest_CA_v0.1-820 80000 100000 0.0395
Pdest_CA_v0.1-820 90000 110000 0.0163
Pdest_CA_v0.1-822 0 20000 0.45065
Pdest_CA_v0.1-822 10000 30000 0.2407
Pdest_CA_v0.1-822 20000 40000 0.0993
Pdest_CA_v0.1-822 30000 50000 0.1234
Pdest_CA_v0.1-822 40000 60000 0.3874
Pdest_CA_v0.1-822 50000 70000 0.3624
Pdest_CA_v0.1-822 60000 78889 0.116417
Pdest_CA_v0.1-84 0 20000 0
Pdest_CA_v0.1-84 100000 120000 0
Pdest_CA_v0.1-84 10000 30000 0
Pdest_CA_v0.1-84 110000 130000 0.39
Pdest_CA_v0.1-84 120000 140000 0.40315
Pdest_CA_v0.1-84 130000 150000 0.01315
Pdest_CA_v0.1-84 140000 160000 0
Pdest_CA_v0.1-84 150000 168624 0.0118792
Pdest_CA_v0.1-84 20000 40000 0
Pdest_CA_v0.1-84 30000 50000 0
Pdest_CA_v0.1-84 40000 60000 0.03655
Pdest_CA_v0.1-84 50000 70000 0.03655
Pdest_CA_v0.1-84 60000 80000 0.0598
Pdest_CA_v0.1-84 70000 90000 0.0598
Pdest_CA_v0.1-84 80000 100000 0
Pdest_CA_v0.1-84 90000 110000 0
Pdest_CA_v0.1-86 0 20000 0.3513
Pdest_CA_v0.1-86 100000 120000 0.0187
Pdest_CA_v0.1-86 10000 30000 0.6419
Pdest_CA_v0.1-86 110000 130000 0.2636
Pdest_CA_v0.1-86 120000 140000 0.31635
Pdest_CA_v0.1-86 130000 150000 0.06175
Pdest_CA_v0.1-86 140000 160000 0.009
Pdest_CA_v0.1-86 150000 165418 0
Pdest_CA_v0.1-86 20000 40000 0.63975
Pdest_CA_v0.1-86 30000 50000 0.18685
Pdest_CA_v0.1-86 40000 60000 0.24595
Pdest_CA_v0.1-86 50000 70000 0.29425
Pdest_CA_v0.1-86 60000 80000 0.08845
Pdest_CA_v0.1-86 70000 90000 0.02855
Pdest_CA_v0.1-86 80000 100000 0
Pdest_CA_v0.1-86 90000 110000 0.0187187
Pdest_CA_v0.1-88 0 20000 0.3932
Pdest_CA_v0.1-88 100000 120000 0.3836
Pdest_CA_v0.1-88 10000 30000 0.2077
Pdest_CA_v0.1-88 110000 130000 0.18715
Pdest_CA_v0.1-88 120000 140000 0
Pdest_CA_v0.1-88 130000 150000 0
Pdest_CA_v0.1-88 140000 154103 0.154506
Pdest_CA_v0.1-88 20000 40000 0.2122
Pdest_CA_v0.1-88 30000 50000 0.0064
Pdest_CA_v0.1-88 40000 60000 0.03005
Pdest_CA_v0.1-88 50000 70000 0.03005
Pdest_CA_v0.1-88 60000 80000 0.0125
Pdest_CA_v0.1-88 70000 90000 0.0156
Pdest_CA_v0.1-88 80000 100000 0.0469
Pdest_CA_v0.1-88 90000 110000 0.24025
Pdest_CA_v0.1-9 0 20000 0.08675
Pdest_CA_v0.1-9 100000 120000 0.1573
Pdest_CA_v0.1-9 10000 30000 0.00215
Pdest_CA_v0.1-9 110000 130000 0.442
Pdest_CA_v0.1-9 120000 140000 0.347
Pdest_CA_v0.1-9 130000 150000 0.0318
Pdest_CA_v0.1-9 140000 160000 0.0173
Pdest_CA_v0.1-9 150000 170000 0.0173
Pdest_CA_v0.1-9 160000 180000 0
Pdest_CA_v0.1-9 170000 190000 0
Pdest_CA_v0.1-9 180000 200000 0
Pdest_CA_v0.1-9 190000 210000 0
Pdest_CA_v0.1-9 200000 210196 0
Pdest_CA_v0.1-9 20000 40000 0.00215
Pdest_CA_v0.1-9 30000 50000 0
Pdest_CA_v0.1-9 40000 60000 0.1843
Pdest_CA_v0.1-9 50000 70000 0.1843
Pdest_CA_v0.1-9 60000 80000 0
Pdest_CA_v0.1-9 70000 90000 0.06415
Pdest_CA_v0.1-9 80000 100000 0.1901
Pdest_CA_v0.1-9 90000 110000 0.15645
Pdest_CA_v0.1-90 0 20000 0.36085
Pdest_CA_v0.1-90 100000 120000 0.0564
Pdest_CA_v0.1-90 10000 30000 0
Pdest_CA_v0.1-90 110000 130000 0
Pdest_CA_v0.1-90 120000 140000 0.166116
Pdest_CA_v0.1-90 130000 146776 0.544462
Pdest_CA_v0.1-90 20000 40000 0.08315
Pdest_CA_v0.1-90 30000 50000 0.08315
Pdest_CA_v0.1-90 40000 60000 0
Pdest_CA_v0.1-90 50000 70000 0.2734
Pdest_CA_v0.1-90 60000 80000 0.6563
Pdest_CA_v0.1-90 70000 90000 0.4045
Pdest_CA_v0.1-90 80000 100000 0.0376
Pdest_CA_v0.1-90 90000 110000 0.0724
Pdest_CA_v0.1-92 0 20000 0.285886
Pdest_CA_v0.1-92 100000 120000 0.03385
Pdest_CA_v0.1-92 10000 30000 0.123974
Pdest_CA_v0.1-92 110000 130000 0.03105
Pdest_CA_v0.1-92 120000 140000 0.02225
Pdest_CA_v0.1-92 130000 144545 0
Pdest_CA_v0.1-92 20000 40000 0.13395
Pdest_CA_v0.1-92 30000 50000 0.3155
Pdest_CA_v0.1-92 40000 60000 0.4622
Pdest_CA_v0.1-92 50000 70000 0.30265
Pdest_CA_v0.1-92 60000 80000 0.15715
Pdest_CA_v0.1-92 70000 90000 0.4018
Pdest_CA_v0.1-92 80000 100000 0.362563
Pdest_CA_v0.1-92 90000 110000 0.120721
Pdest_CA_v0.1-94 0 20000 0.3852
Pdest_CA_v0.1-94 100000 120000 0
Pdest_CA_v0.1-94 10000 30000 0.18055
Pdest_CA_v0.1-94 110000 130000 0.1436
Pdest_CA_v0.1-94 120000 140000 0.1436
Pdest_CA_v0.1-94 130000 140951 0
Pdest_CA_v0.1-94 20000 40000 0.1964
Pdest_CA_v0.1-94 30000 50000 0.17535
Pdest_CA_v0.1-94 40000 60000 0.19695
Pdest_CA_v0.1-94 50000 70000 0.08145
Pdest_CA_v0.1-94 60000 80000 0
Pdest_CA_v0.1-94 70000 90000 0
Pdest_CA_v0.1-94 80000 100000 0
Pdest_CA_v0.1-94 90000 110000 0
Pdest_CA_v0.1-96 0 20000 0.2856
Pdest_CA_v0.1-96 100000 120000 0.0145
Pdest_CA_v0.1-96 10000 30000 0.03405
Pdest_CA_v0.1-96 110000 130000 0.18825
Pdest_CA_v0.1-96 120000 134889 0.561757
Pdest_CA_v0.1-96 20000 40000 0.03405
Pdest_CA_v0.1-96 30000 50000 0
Pdest_CA_v0.1-96 40000 60000 0.00475
Pdest_CA_v0.1-96 50000 70000 0.43345
Pdest_CA_v0.1-96 60000 80000 0.8664
Pdest_CA_v0.1-96 70000 90000 0.44685
Pdest_CA_v0.1-96 80000 100000 0.00915
Pdest_CA_v0.1-96 90000 110000 0
Pdest_CA_v0.1-98 0 20000 0.14115
Pdest_CA_v0.1-98 100000 120000 0.40625
Pdest_CA_v0.1-98 10000 30000 0.01715
Pdest_CA_v0.1-98 110000 129316 0.119228
Pdest_CA_v0.1-98 20000 40000 0.0041
Pdest_CA_v0.1-98 30000 50000 0.2258
Pdest_CA_v0.1-98 40000 60000 0.23195
Pdest_CA_v0.1-98 50000 70000 0.00615
Pdest_CA_v0.1-98 60000 80000 0
Pdest_CA_v0.1-98 70000 90000 0
Pdest_CA_v0.1-98 80000 100000 0.223423
Pdest_CA_v0.1-98 90000 110000 0.5184
